1
21
10
2
2
4
1
1
1
1
13
1
1
1
120
2
1
1
4
4
2
1
1
3
1
3
1
5
1
2
1
1
4
157
1
153
1
1
1
1
2
1
1
8126
1075
2
1
8915
2
2
1
1795
1
4
2
2
2
1
2
1
6
1
5
7
4
10
1
1
3
1
1
1
293
1
2
2
3
1
1
1
51
5
1
2
1
1
3
4
1
1
1
5
1
9
1
1
2
3
1
1
3
3
2
4370
2
1
1
1
1
23
2
6
1
1
1
15
1
3
1
4
1
3
1
1
2
1
13
1
13
1
41
1
2
21
1
3
1
1
1
1
1
1
7
1
1
1
3
8
5
1
1
4
3
1
1
13
1
1
1
1
13
1
15
1
8
1
1
14
4
1
21
1
373
1
14
1
1
5
119
561
5
9
4
3
1
7
204
15
6
1
1
2
27
4
5
1
1
1
12
9
8
27
4
51
14
2
1
1
1
1
2
3
1
4
1
1
5
1
3
1
1
118
1
2
1
1
1
2
1
3
1
1
2
1
18
1
2
2
1
1
129
1
2
1
2
1
15
1
2
1
3
112
1
1
2
5
2
2
1
1
18
1
2
2
2
5
5
3
1
24
1
3
1
3
1
1
2
1
14
2
1
1
9
1
1
2
3
1
1
5
6
2
9
1
3
30
27
1
1
13
3
17
7
1
1
6
1
1
2
1
1
2
1
1
4
3
2
2
116
4
1
3
2
2
2
37
4
1
1
1
2
1
2
4
1
10
3
1
1
1
121
1
1
1
23
2
2
2
1
4
1
1
2
2
27
1
45
1
1
1
3
1
1
1
1
3
22
1
5
1
1
2
4
2
1
2
1
3
2
2
1
1
1
8
3
2
5
1
2
1
1
1
1
10
2
18
21
80
1
1
1
1
3
1
1
6
1
1
11
1
8
1
2
7
1
52
1
1
9
4
1
44
7
8
10
4
1
6
1
1
2
1
2
2
4
1
2
3
1
1
4
1
4
1
4
7
56
36
1
20
5
1
5
5
1
22
1
1
1
17
1
1
5
1
1
1
12
1
1
1
1
1
4
1
2
1
2
4
1
2
38
57
1
48
1
1
4
1
3
1
6
1
1
3
1
5
14
1
1
8
2
5
1
2
1
2
1
89
2
2
1
4
202
2
1
2
1
2
1
1
1
6
10
11
1
1
1
43
9
1
4
1
4
3
21
1
2
1
1
68
1
1
1
2
1
1
7
7
1
7
2
5
2
1
2
1
1
14
1
2
1
16
1
1
2
1
196
6
1
69
34
1
1
1
256
1
2
9
18
3
4
2
1
9
1
10
3
1
19
1
1
7
1
3
3
13
2
9
1
2
1
1
2
1
2
1
1
45
1
6
1
2
31
2
1
1
1
1
1
1
1
1
1
1
1
1
7
2
50
2
1
1
1
9
10
1
1
1
7
1
1
1
1
1
1
2
1
1
1
1
26
7
1
2
3
2
2
1
2
36
1
18
1
1
1
1
2
1
1
4
4
1
1
1
3
1
1
2
126
1
7
5
5
4
9
1
4
1
3
9
1
1
2
1
4
3
1
2
2
18
20
7
1
1
1
1
1
2
1
1
3
6
2
1
7
4
3
1
3
1
2
1
2
1
1
6
1
1
2
43
1
16
1
2
11
100
1
2
1
1
6
3
2
1
1
2
3
1
8
1
3
5
4
1
2
1
11
11
1
27
2
1
1
1
5
6
5
1
11
1
3
6
5
1
8
5
3
1
7
4
2
1
1
40
1
1
1
1
7
6
3
2
1
2
1
50
6
2
4
1
103
1
2
16
1
1
1
2
7
1
1
1
4
2
1
1
1
1
3
1
10
1
1
1181
4
1
1
1
1
1
1
1
3
5
16
3
1
2
2
3
3
3
1
1
2
1
11
19
1
19
18
1
2
4
1
1
7
3
1
3
1
1
1
1
1
2
1
7
2
1
1
1
7
1
5
6
1
6
1
1
1
2
1
8
1
1
1
2
8
237
1
1
41
2
9
4
1
1
14
67
881
11
1
1
2
1
1
2
5
6
1
1
1
1
9
3
1
1
1
56
5
1
5
1
1
2
4
1
7
12
9
32
1
11
1
1
2
1
13
4
2
7
5
7
5
1
2
222
25
4
2
2
1
14
2
29
11
1
1
1
2
1
6
1
10
3
1
2
3
4
1
1
1
35
3
1
3
1
1
1
1
2
18
1
2
1
1
1
1
5
10
1
1
1
1
1
1
4
2
2
1
1
2
6
19
3
1
1
1
1
1
6
12
1
1
1
1
1
1
71
6
1
1
1
1
3
1
1
1
1
9
1
3
1
1
3
1
27
2
1
5
1
3
3
2
1
1
1
1
3
1
1
1
1
2
1
23
1
2
1
1
5
1
9
1
4
1
1
3
1
3
1
1
2
2
1
1
31
1
3
1
1
83
1
1
1
1
24
1
1
3
2
1
16
2
3
1
1
2
1
40
1
8
59
2
2
2
1
1
2
3
1
1
1
2
2
6
1
1
1
2
3
8
2
2
2
2
1
1
1
1
8
1
5
2
34
1
1
1
1
1
1
1
7
1
2
2
2
2
5
3
1
1
1
1
1
1
1
44
2
4
1
3
2
1
1
34
3867
1
99
3
1
1
1
1
1
1
1
1
10417
23
3
1
1
2
1
11
1434
1
50
1
3
491
1
1
1
1
1
60
29
1288
1
1
1
1
1
4
1
2
3
1
1
2653
2
4
14
16
1
1
2
4
2
1
2
2
20
12
1
2
2
4
5
3
1
2
4
1
6970
5
2
2
1
1
5
1
2
3
1
1
1
1
1
20
1
1
1
24
1
1
1
3
1
2
23
1
4
17
13
1508
3432
8
2
8
1
42
2
31
911
1675
5
4
21
1
1
1415
1
1
11
1
34882
3
5
4
2040
2
1
31
41
1
1
3
1
1119
2
24
59
2
15
2
1
1
1
76
3
18
6
169
2
7
1
1
1
5
1
1
1
1
2
4126
1
2
1
1
13
1
1
2
7
87
24
4416
2
1
1
1
1
1
1
7
10
11
29
2
1
1
1
2
2
1
1
627
1
1
1
1
6
1
28
3
4
1
1
2
5
4
2
2
4
5
1552
2
3
3
2
6850
7
6053
1
1
1
746
12662
1
7
1
1
70
1
1
1
1
1
1
1
1
167
4
1
25
1
2
1
1
1
4
6
1
1
1
1
1
10
3
1
1
1
1
1
3
2
1
4
1842
33
3
897
64
77
9
1
23
2
1
1
1
2
2
1
1
6
1425
1
1
2462
3
4
1
1
2
1
1
13433
3
39
1
6
8
6
1
2
2
3
9
3
2
1
5
1
1
2
1704
1
3
3
4
1
1
1
2
14
19
22
1
1
2
8
4
1
1
1
5
1
1
8
1
2
1
2
1
1
2
2
3
4
40
2
1
15
111
1
1
5
1
2
1
4
4
1
1
21
20
3
3
107
54
1
35
1
43
2
8
18
5
2
1
1
8
2
14
1
1
2
4
1
1
1
5
1
26
113
7
1
475
3
3
5
1
3
1
2
2
8
2
40
2
1
3
3
1
1
1
1
4
4
1
2
81
1
50
4
1
3
1
5
9
4
1
1
29
3916
7
5
1
18
5
1
1
1
1
1
1
1
1
2
1
1
1
39
6
1
1
11
4
2
10
1
1
1
8
1
1
4
1
6
1
6
1
3
12
4
3
11
12
35
8
1
1
2
4
6
1
1
85
1
8
1
1
3
2
1
1
2
1
1
3
1
2
18
1
6
3
1
9
15
1
3
2
1
3
2
3
1
2
1
22
1
1
2
1
1
4
3
1
6
11
5
2
4
1
1
1
1
2
1
1
1
1
2
1
1
1
1
1
1
1
1
1
1
7
3
1
6
5
1
2
4
3
2
1
1
1
2
1
1
1
3
2
2
1
2
1
1
7
151
7
78
1
11
1
142
3
10
5
3
1
22
1
2
2
1
20
1
1
2
1
1
1
1
1
1
1
1
1
1
2
1
1
2
1
1
1
1
1
1
1
13
2
1
1
1
11
2
13
2
1
1
22
3
1
1
12
1
185
3
1
1
1
32
1
1
1
1
1
1966
3
5
3
1
1
2
7
923
13
1
1
4
1
3
14
2
5
2
1
1
2
3
4
1
1
1
6
1
1
238
2
1
1
1
1
1
1
1
1
1
1
4
5
1
2
1
1
2
1
4
1
17
1
9
1
6
1
1
12
4
2
1
2
19
1
1
1
6
4
1
12
1
1
9
1
1
2
4
2
2
3
1
1
3
2
1
1
5
6
1
2
65
1
2
1
2
1
1
11
1
18
9
2
2
6
9
2
7
65
9
1
1
1
1
4
139
3
19
1
1
1
16
708
1
1
37
1
11
1
3
2
2
1
7
43
2
1
1
8
1
1
1
3
4
1
3
5
1
2
6
1
1
3
1
1
7
1
1
1
1
1
1
1
1
1
1
75
1
1
6
26
2
1
1
14
1
1
1
1
2
2
1
1
339
42
1
2
1
1
1
4
1
3
1
1
1
6
1
22
1
871
1
3
1
614
19
2
2
3
2
1
2
319
5
8
1
1
2
3
2
5
4
1710
4
9
1
2
7
1
1
1
12
1
13
2
1
4
3
1
1
1
8
3
2
4
4
4
8
1
4
1
1
1
120
1
1
2
1
1
13
1
1
7
1
1
2
3
1
901
1
1
1
8
1
2
3
14
1
1
3
4
2
2
1
2
7
1
1
9
1
4
2
5
1
1
1
19
1170
5
4
168
1
1
1
2
28
2
146
2
1
1
2
17
1
1
3
17
3
1
2
1
1
3
2
14
3
10
12
1
1
1
1
1
2
5
12
1
5
1
2
2
2
4
50
1
8
1
1
2
10
1
2
1
2
2
3
1
1
3
1
1
13
1
4
1
1
1
3
2
6
1
1
1
1
1
2
43
1
9
2
1
111
1
1
131
2
16
2
11
1
1
4
1
1
2
2
1
1
2
51
1
1
1
26
2
4
1
5
1
1
210
1
1
3
1
3
37
1
3
4
9
3
1
1
1
45
1
1
24
1
8
1
3
16
14
1
2
3
10
19
2
341
5
1
1
2
4
1
6
1
31
2
1
4
1
4
1
2
2
4
1
1
1
2
2
5
1
6
1
3
2
1
2
1
3
10
1
1
2
4
1
4
1
11
1
73
3
1
1
1
1
3
535
1
9
5
5
2
1
1
1
2
4
1
1
13
1
1
2
3
1
1
2
193
1
1
1
18
2
1
1
1
1
2
59
1
1
3
16
41
7
7
1
1
3
1
1
1
1
3
2
2
1251
730
4
1
36
5
37
1
13
1
17
4
3
4
38
22
2
1
2
1
159
3
1
3
6
1
1
17
1
8
1
5
10
1
3
1
1
3
24
1
1
2
4
1
5
2
9
2
2
1
21
1
4
3
1
1
1
1
1
4
1
4
1
1
1
1
1
1
1
1
1
1
1
1
3
1
9
32
1
1
2
1
1
1
4
1
9
4
1
2
1
1
1
4
4
1
1
27
1
1
5
1
1
2
7
1
1
1
1
1
2
1
2
1
6
2
1
10
4
1
6
2
78
48
1
14
4
1
3
1
3
4
1
15
34
38
1
6
1
14
1
1
85
1
2
22
20
3
2
1
2
1
1
1
2
1
1
1
1
1
41
1
1
13
1
1
84
3
1
5
1
2
1
2
88
93
10
2
4
4
1
76
10
1
1
11
2
11
1
3
1
1
1
4
2
1
1
2
1
2
2
3
1
511
1
1
1
1
10
7
2
53
1
1
1
1
1
2
1
7
1
1
1
1
2
2
1
1
1116
2
1
1
43
20
6
16
3
2
1
2
3
1943
9
1
1
15
1
1
1
1
1
1
1
1
1
4
2
1
1
1
1
5
1
3
2
1
1
1
6
66
12
2
10
1
1
1
1
96
1
1
1
1
1
5
1
32
1
1
1
1
2
2
2
1
1
1
11
70
1
1
6
2
1
3
1
4
1
1
1
7
1
1
41
1
12
1
1
1
1
1
2
1
226
1
599
1
1
1
94
1
1
1
1
1
10
8
1
1
4
252
10
1
1
1
1
1
3
1
7
1
1
2
1
21
1
1
3
1
1
10
1
1
1
1
1
1
1
3
4
1
12
2
1
2
1
3
59
3
4
2
1
1
2
5
5
30
1
9
78
2
5
1
1
1
1
3
1
1
234
1
1
1
6
3
1
1
1
15
1
2
2
1
1
3
8
1
1
1
1
1
2
1
1
3
1
4
20
1
3
1
18
1
1
1
1
1
43
2
1
2
1
2
1
1
3
1
1
1
33
10
1
93
1
1
1
7
1
3
1
1
8
2
1
2
1
1
5
2
2
1
1
1
449
3
1
2
1
83
1
19
1
1
2
1
2
1
1
1
6
1
1
1
1
24
1
1
2
6
1
1
6
2
1
1
1
7
2
1
1
1
1
2
1
3
2
1
1
1
16
2
34
1
1
1
5
4
3
74
1
1
1
6
1
4
10
1
1
1
1
3
1
1
4
1
1
1
4
10
1
2
11
47
2
6
2
1
4
1
1
15
4
2
2
5
1
4
2
4
1
1
2
5
2
3
12
1
38
2
7
1
19
59
1
8
15
19
1
1
2
1
3
2
2
1
1
6
1
3
23
1
1
12
5
20
2
1
1
1
1
4
1
1
1
4
1
3
4
3
2
1
2
1
1
13
1
1
17
2
1
8
3
2
1
1
1
1
4
1
2
2
31
1
4
1
1
6
1
2
1
4
1
5
30
2
132
2
1
1
10
1
1
1
1251
3
1
3
2
11
1
5
1
2
1
1
1
1
1
1
1
1
66
4
23
2
3
2
2
6
1
8
2
1
1
15
1
14
1
1
1
2
5
1
4
29
1
7
1
5
4
4
2
1
1
6
5
2
3
1
4
1
3
8
1
1
12
1
1
2
72
1
2
1
1
3
3
4
1
3
2
1
2
1
1
28
10
4
1
2
3
1
1
10
1
2
1
1
9
3
1
1
1
3
1
2
8
1
1
1
3
1
6
1
1
18
1
1
1
2
3
1
1
1
9
2
18
1
1
9
1
1
11
1
10
2
1
1
1
3
5
2
1
2
1
1
3
6
55
2
2
1
3
1
2
1
1
6
2
1
12
1
11
46
6
3
1
1
9
205
5
1
2
1
1
1
1
1
14
1
16
1
12
1
7
1
1
1
1
4
4
5
1
7
1
1
3
3
41
1
1
5
5
2
3
40
3
2
2
1
5
25
8
19
2
1
6
2
1
1
1
2
1
1
1
1
1
1
4
16
4
1
44
1
3
2
7
1
1
1
1
3
1
5
2
17
1
1
1
26
1
1
1
2
1
1
1
1
1
1
1
1
1
2
3
256
2
1
5
2
1
41
28
2
4
42
3
1
1
2
1
2
9
5
3
1
2
1
1
1
3
1
11
1
5
1
1
1
294
1
1
1
1
1
2
203
1
2
2
1
1
16
1
106
1
3
1
1
1
1
2
1
10
3
1
2
5
1
43
2
1
1
3
1
1
1
38
1
11
3
3
1
1
11
1
1
2
5
3
98
36
1
1
2
3
1
1
2
1
1
4
1
3
28
2
2
1
2
2
58
1
1
7
1
1
162
1
3
1
1
1
1
1
3
1
4
20
6
2
13
4
1
39
4
1
1
1
1
1
2
1
1
1
1
11
510
14
8
4
1
4
1
1
29
2
2
9
1
1
1
5
11
1
176
1
2
2
2
2
2
2
1
1
1
9
1
3
9
1
327
1
1
2
2
1
1
3
1
1
1
1
1
1
1
1
3
1
1
1
1
1
1
17
1
1
23
1
1
1
1
67
1
1
1
1
1
3
9
1
1
1
1
13
1
3
2
2
2
4
1
2
2
1
5
2
3
2
1
1
1
2
1
63
1
1
1
2
3
12
1
1
2
5
2
1
1
19
1
1
1
1
4
2
8
34
1
1
14
1
2
2
3
1
2
253
1
9
1
3
5
2
1
2
1
6
1
1
1
1
1
1
1
5
3
2
4
3
170
1
2
1
1
1
1
1
2
1
11
1
11
1
2
1
1
17
1
4
43
2
82
18
11
1
1
3
1
2
1
1
1
1
9
3
1
3
6
1
1
2
12
1
57
2
3
1
1
14
1
1
7
1
1
1
1
1
7
1
1
1
18
9
1
1
1
1
4
2
1
1
1
1
2
2
1
1
7
1
1
1
1
1
2
1
14
1
18
1
15
1
1
1
1
2
2
1
117
3
1
3
1
6
3
1
1
2
1
1
1
1
1
3
2
15
1
25
2
2
1
2
1
1
3
1
33
1
1
1
5
30
6
77
1
1
1
1
1
1
4
1
2
3
1
4
1
3
1
1
5
1
12
1
4
4
6
1
1
7
1
7
1
1
12
4
6
1
1
1
51
2
1
2
1194
1
4
6
180
41
1
15
1
1
1
2
1
1
1
121
1
1
1
568
78
1
17
18
4
34
3
218
1
2
1
2
3
1
1
5
3
1
1
25
9
1
2
1
1
1
1
40
5
1
1
6
1
9
5
1
1
1
8
2
1
1
1
1
1
1
2
1
1
2
2
1
1
2
1
1
1
1
2
1
1
1
4
1
1
4
1
1
13
1
2
11
1
1
1
1
1
3
8
1
1
1
2
3
1
7
1
1
1
115
1
6
5
1
1
2
1
3
1
1
4
1
2
1
54
1
2
3
9
1
5
1
2
7
1
1
1
1
1
1
11
1
1
161
1
1
2
1
2
3
10
3
3
31
11
1
9
2
2
1
2
3
1
1
1
1
1
1
1
9
1
19
1
1
1
1
5
1
3
2
1
165
1
1
5
2
1
1
1
2
7
16
1
1
1
1
2
1
2
955
2
1
3
1
1
1
1
1
1
1
1
2
43
1
33
10
2
4
1
4
1
3
1
2
1
1
6
1
1
1
3
6
3
1
7
6
1
1775
6
20
1
1
3
1
2
4
1
1
1
1
7
2
1
1
92
12
1
13
1
1
1
2
1
5
5
1
3
1
5
8
2
1
1
44
245
2
10
1
1
4
1
2
2
4
4
1
2
2
43
1
2
3
4
2
1
1
1
12
5
1
37
4
1
1
1
1
2
7
3
60
1
1
6
10
1
1
5
2
1
11
2
1
4
1
1
5
4
2
1
2
1
2
4
1
46
2
4
1
4
2
23
3
5
1
1
3
1
1
1
4
1
5
1
1
7
2
1
1
520
2
2
1
1
3
35
1
11
2
2
5
1
2
1
1
232
45
1
53
1
4
1
1
1
1
4
7
24
5
1
3
1
1
6
19
1
4
1
1
1
1
2
3
4
1
3
2
2
2
1
17
6
2
1
2
3
4
1
1
6
1
3
2
1
1
1
1
2
1
1
1
2
1
162
1
1
2
1
6
1
2
1
1
2
1
1
2
233
2
1
1
1
1
1
1
3
1
1
2
1
1
2
1
1
1
5
1
1
1
1
6
8
2
1
1
7
5
1
2
1
7
1
1
6
1
1
1
1
1
36
1
271
1
2
12
1
3
1
1
26
2
3
2
24
1
14
1
21
1
3
1
1
1
1
2
1
1
3
1
1
19
3
11
1
1
1
2
2
4
1
4
1
1
1
25
3
14
6
4
3
1
3
1
3
5
1
1
1
1
1
1
1
1
1
2
43
50
1
4
1
1
4
2
1
4
1
1
6
1
1
11
1
1
1
6
81
14
11
1
1
17
1
317
1
10
2
1
2
3
16
1
2
1
37
15
1
3
20
153
1
9
8
1
1
2
2
41
7
4
1
1
1
1
10
1
1
2
13
112
6
7
7
1
1
1
1
3
5
3
1
3
1
24
9
1
16
129
1
1
1
1
1
6
3
1
1
1
2
6
2
1
4
1
8
2
2
2
1
4
1
27
6
1
1
2
1
1
2
1
1
1
21
1
5
95
1
1
1
1
1
1
1
2
156
1
5
2
1
1
58
6
1
3
3
3
1
3
9
1
2
1
3
1
1
1
1
7
1
1
1
1
4
1
1
1
63
4
1
1
5
2
9
6
78
1
3
6
1
1
7
1
2
6
1
6
1
1
1
18
1
7
1
1
155
1
3
2
2
2
13
3
1
49
1
1
5
5
4
12
8
13
1
1
1
23
1
1
15
1
1
3
1
1
1
1
1
1
1
1
1
1
8
4
1
344
131
1
1
10
61
1
3
1
1
1
1
2
1
4
30
1
5
2
1
1
2
1
1
4
1
1
1
1
1
2
33
1
12
842
1
4
1
4
1
1
13
4
1
1
90
1
1
2
2
1
1
1
3
1
1
1
1
1
1
1
53
2
3
4
1
1
1
1
1
18
2
2
4
21
1
2
1
5
37
1
4
5
4
2
14
18
3
24
1
1
20
7
1
1
11
6
8
1
23
1
1
5
10
1
1
5
1
1
2
1
1
1
7
2
1
3
1
1
67
3
6
1
590
2
1599
2
1
1
1
1
9
2
1
1
2
1
4
290
2
1
8
1
1
1
1
4
13
8
1
1
3
1
4
3
1
1
1
2
9
1
1
1
2
11
1
2
1
1
2
1
1
1
1
1
1
9
8
1
1
4
1
2
4
3
1
1
12
3
2
1
2
1
22
2
42
4
1
2
1
2
1
1
9
4
3
1
4
53
2
1
1
1
1
1
1
1
1
2
1
1
3
2
1
8
2
3
6
1
3
1
2
14
1
1
1
3
3
14
1
2
1
1
1
1
4
3
3
1
1
4
1
1
1
22
1
4
4
22
1
1
2
1
1
1
1
16
1
1
3
73
1
2
1
2
1
2
1
26
1
1
2
2
1
2
1
24
8
2
23
3
5
2
2
17
1
1
1
19
33
56
18
1
1
1
7
5
1
2
2
1
1
1
1
19
36
1
21
2
3
1
1
3
1
1
1
1
23
7
2
6
2
1
1
154
2
2
1
1
1
3
1
2
1
6
11
2
4
1
10
18
1
1
1
39
5
11
1
2
20
1
6
1
1
1
1
1
1
1
1
2
1
1
14
2
3
13
1
2
2
2
1
1
3
7
1
2
2
1
1
2
241
65
1
1
26
3
1
1
1
1
1
2
1
1
1
3
1
1
1
4
1
1
8
4
1
8
3
21
2
1
1
1
1
1
1
1
2
1
1
1
2
2
4
1
2
2
3
1
3
3
2
4
1
1
1
1
1
1
1
2
28
1
1
5
3
6
2
11
2
3
3
21
1
4
13
8
2
1
15
1095
1
1
2
1
2
9
2
1
2
1
2
2
1
2
119
1
622
1
1
1
1
1
1
14
11
1
33
1
3
22
5
1
2
2
39
1
2
1
1
8
3
1
13
1
50
1
1
1
1
5
3
2
5
1
8
1
1
2
1
1
1
154
5
2
34
1
1
1
3
1
4
3
1
1
114
65
16
2
1
90
1
8
1
5
1
19
4
6
3
1
6
29
1
1
3
1
1
1
5
3
1
1
2
1
1
1
2
1
2
1
1
1
4
1
3
1
16
1
3
1
1
4
1
67
30
1
1
1
4
1
3
1
19
6
47
1
12
1
1
2
1
261
1
6
7
1
3
1
70
1
1
5
4
25
41
1
1
1
2
1
1
1
1
3
19
1
1
2
6
1
1
3
8
1
97
3
1
1
7
1
98
1
1
1
16
1
1
2
4
1
2
1
17
1
2
1
2
1
1
1
1
1
2
1
2
3
1
2
1
1
16
1
11
8
10
1
1
1
1
1
1
1
3
1
7
3
4
10
1
2
3
6
1
1
1
11
1
2
35
4
1
1
9
1
1
12
1
18
2
7
1
55
1
13
1
25
1
1
9
1
1
1
2
94
1
1
1
1
1
1
7
3
3
3
1
1
3
19
1
4
3
1
3
4
1
3
1
4
2
1
1
1
1
2
1
1
8
7
3
9
1
3
3
4
42
1
6
16
1
28
3
3
78
2
1
1
30
1
9
1
2
6
1
5
5
1
1
1
3
1
11
1
1
2
1
1
1
4
7
7
1
2
1
3
1
1
1
1
1
4
2
1
136
2
16
3
21
1
1
2
2
2
1
2
1
7
1
6
1
1
1
4
3
2
2
1
1
11
1
1
1
3
19
10
1
1
2
1
22
3
3
2
1
1
12
1
1
2
1
3
2
1
1
4
1
1
1
1
12
4
1
1
1
1
1
1
6
1
9
1
1
2
1
1
1
4
1
6
62
1
4
1
1
1
2
1
1
1
1
1
1
2
2
1
13
6
1
1
1
1
1
1
1
8
2
1
1
1
1
5
2
1
3
1
3
1
2
1
1
1
10
1
1
2
1
1
2
7
1
1
1
1
6
3
4
2
1
2
7
1
2
1
1
120
1
71
1
1
9
1
1
3
5
4
1
3
2
10
1
1
4
2
2
6
1
1
20
1
1
1
1
1
3
2
1
1
1
2
110
1
1
1
1
1
2
1
6
17
1
2
1
8
1
4
25
20
859
1
1
1
1
2
30
3
8
1
1
8
1
3
1
4
6
2
1
1
1
12
7
18
1
6
9
36
1
13
2
1
2
1
4
9
1
1
1
1
3
24
1
2
1
2
5
1
5
1
1
1
8
1
1
7
1
1
1
1
2
1
4
47
2
1
2
1
8
2
21
3
1
1
10
9
1
1
1
6
1
1
1
1
45
1
1
1
1
1
2
16
1
3
1
1
5
1
2
1
1755
1
1
7
5
1
6
1
1
3
1
14
1
1
1
1
6
1
71
1
1
3
2
1
1
2
2
1
2
88
1
1
2
1
2
1
1
67
1
1
40
14
137
1
1
1
15
4
1
1
4
1
35
1
2
3
2
1
24
12
11
4
20
152
2
81
2
1
1
1
1
6
42
2
1
1
8
3
1
7
1
1
3
11
4
1
2
1
1
1
1
1
166
4
4
1
1
1
4
127
1
2
1
1
3
1
1
1
11
1
4
1
1
1
1
1
3
12
3
9
1
1
1
4
1
2
2
1
1
2
3
80
1
50
1
2
12
1
3
21
4
24
1
1
1
2
1
1
1
3
15
1
63
2
5
1
1
1
2
8
1
5
1
2
1
2
3
1
62
1
6
1
1
6
38
12
5
2
3
13
1
1
1
2
1
3
3
1
1
1
1
1
9
47
1
1
7
1
6
1
1
10
1
2
1
82
3
1
2
2
1
1
2
1
1
1
1
11
37
1
1
1
10
1
1
1
1
1
1
1
3
1
4
1
1
6
1
1
9
6
7
2
4
16
1
1
1
1
10
9
1
6
1
3
11
5
1
17
1
1
17
1
1
9
1
2
1
1
1
3
1
1
2
1
1
1
2
1
385
1
1
1
1
5
1
1
49
7
46
5
11
2
22
13
1
23
1
402
19
1
22
2
1
1
1
1
1
6
1
1
12
1
3
1
2
2
2
1
2
1
2
3
1
4
1
1
1
1
1
3
1
3
1
1
1
13
1
1
2
1
132
13
1
25
3
1
4
4
1
2
2
1
2
4
2
1
1
1
4
1
1
2
36
1
1
1
10
4
1
1
1
1
1229
7
1
2
1
2
19
1
3
4
1
2
1
1
5
1
6
9
2
1
1
81
4
1
1
1
12
1
4
2
1
2
1
2
2
2
2
2
1
1
3
1
1
7
1
1
1078
9
1
1
2
3
1
1
1
1
1
2
2
1
2
1
1
2
8
2
3
2
1
1
1
2
3
1
1
2
1
4
1
2
1
1
1
3
3
1
1
1
1
4
2
3
2
3
35
2
1
3
10
14
1
2
1
2
1
16
1
1
5
1
1
1
1
8
3
2
2
1
55
7
6
1
3
1
2
7
1
105
1
3
5
3
2
1
3
1
2
1
1
2
5
8
1
1
10
2
1
1
5
1
6
3
26
6
1
1
1
1
8
1
1
1
3
2
18
2
6
1
1
5
1
15
7
1
1
1
2
1
1
5
3
1
5
2
1
1
7
2
8
2
1
3
1
1
85
1
1
1
2
108
3
1
1
2
3
4
1
2
4
4
1
4
2
1
1
61
1
9
44
1
6
1
1
1
2
1
1
2
2
4
148
2
1
2
57
1
68
1
1
2
8
1
110
1
27
1
1
3
1
1
1
1
2
1
1
4
821
1
3
1
2
7
1
1
1
1
1
1
1
1
18
7
1
1
1
2
1
1
1
11
1
7
2
4
1
6
1
26
4
3
1
1
8
3
1
1
8
335
1
2
1
4
4
81
2
1
1
8
1
2
111
1
3
1
14
8
1
2
1
11
1
1
4
16
5
1
2
1
18
1
2
1
1
1
32
1
1
7
1
4
2
1
1
2
1
6
3
19
2
1
2
1
2
2
1
23
1
1
1
2
2
3
14
1
1
2
7
4
16
4
1
1
3
18
5
2
1
65
2
2
1
1
21
1
1
1
2
1
1
1
5
2
2
1
1
1
8
1
1
4
1
1
1
3
1
23
1
1
1
2
1
2
1
1
1
1
1
3
28
1
7
16
1
13
2
1
3
1
1
1
50
1
61
1
3
8
3
2
3
4
2
66
1
1
5
1
1
1
58
1
1
1
1
1
2
22
3
32
5
1
6
5
1
1
8
1
1
9
3
2
1
1
14
1
2
1
1
1
1
1
4
23
31
1
6
1
47
1
4
1
1
3
2
1
2
1
1
1
5
1
1
1
3
9
2
2
3
3
1
2
1
33
1
2
1
4
2
10
103
11
222
1
1
3
1
1
1
12
1
1
1
6
2
5
407
3
18
1
12
1
21
1
1
1
3
1
3
1
1
3
1
1
1
1
1
3
6
1
1
1
1
1
1
2
1
47
1
1
1
19
3
1
3
10
1
3
1
2
4
1
2
7
4
3
6
3
1
1
1
1
1
2
1
1
1
10
2
1
1
236
1
1
1
2
2
3
1
1
1
15
2
1
1
1
1
1
8
14
3
1
5
33
9
1
2
3
24
16
1
172
1
97
88
1
5
3
3
1
1
2
1
1
8
1
3
3
11
3
2
1
7
15
1
5066
5
2
4
1
2
2
13
8
1
1
1
8
1
7
1
3
6
1
1
2
2
1
68
1
1200
1
1
4
45
3
3
2
1
2
2
2
1
1
7
8
18
3
7
1
2
5
1
2
1
17
31
1
1
7227
235
1
2198
3
106
3
3
2
42
67
17
1
1
22
1
1
6522
2118
1
3987
12
2
30
1
1
1
20
2
2
1
1
1
1
2
87
4
1
1
1
13
1
6
1
3
1
3
2
1
143
8
3
2746
3
1
1
1
1
1
2
4
6
2
1
1
1
1
1
3
1
1
1
3
1
1
16
1
1
1
1
3
5
3
9
2
1
2
1
1
3
1
1
1
1
1
1
1
1
1
1
1
1
15
2
1
13
2
2
2
2
2
21
1
5
1
1
6
3
2
1
1
387
4
1
4
1
1
1
49
1
1
2
2
1
3
3
1
2
1
7
1
1
2
1
3
1
6
12966
2
1
431
1
1
1
2
44
1
1
4
6
1
1
18
1
1
1
6
1
1
2
1
96
1
1
1
1
13
2
43
48
1
252
4
18
2
1
3
1
3
1
3
6
9
1
4
3
3
1
18
1
45
14
1
5
7
1
1
13
2
2
772
7
1
1
1
12
1
2
2
21
1
1
1
1
1
1
2
1
1
5
1
2
3
3
2
3
1
16
4
4
3
2
2
27
1
1
2
2
3
5
1
2
1
2
1
5
1
1
1
3
1
307
18
5
2
2
17
1
2
3
2
1
2
9
2
4
14
1
4
16
27
1
1
2
2
1
1
1
97
1
1
2
2
3
7
1
1
4
1
7
1
1
2
6
3
1
5
9
1
2
1
4
3
14
226
1
1
1
1
1
1
2
2
2
11
2
1
1
1
1
2
1
1
1
2
1
1
8
2
1
21
2
1
1
2
3
9
1
1
1
1
1
1
1
4
2
1
1
3
1
1
4
2
1
2
12
1
4
7
1
4
2
1
1
3
8
1
1
1
32
1
5
5
1
2
1
2
2
2
1
1
4
3
1
1
1
1
1
1
4
3
1
1
16
99
1
1
1
22
1
1
7
10
1
15
1
1
2
1
1
1
1
18
1
1
12
12
1
1
1
32
2
2
7
1
1
164
9
1
1
2
5
4
6
1
1
6
1
12
1
1
2
2
1
1
1
2
2
17
2
1
2
1
1
2
1829
1
1
7
1
2
8
55
788
1
9
1
1
2
3
3
2
18
1
1
5
1
3
2
1
1
1
3
1
1
44
1
1
5
1
1
1
1
2
1
1
3
1
1
1
2
1
4
2
1
2
1
1
3
1
1
1
2
1
1
1
4
5
5
6
1
1
2
1
9
1
2
2
1
1
6
17
1
2
2
2
1
1
1
1
1
1
1
1
22
1
3
1
4
2
12
5
1
1
1
2
5
68
5
14
1
1
1
1
1
1
7
2
1
82
1
1
1
12
1
1
5
1
1
1
61
2229
1
3
3
1
1
20
1
1
1
1
1
1
2
2
20
6
3
1
1
4
1
2
1
1
6
1
1
1
2
6
2
4
11
1
2
35
1
3
2
1
2
1
1
2
1
1
1
1
10
1
1
52
4
97
1
2
16
3
8
2
1
1
2
1
28
1
1
1
8
1
2
1
2
1
5
2
26
16
1
1
9
1
1
2
54
8
23
1
51
1
4
1
1
2
62
3
12
1
19
1
2
1
4
5
1
1
4
20
1
1
1
3
24
37
1
4
2
9
13
1
1
8
1
2
2
43
1
33
7
1
3
1
4
15
2
2
2
1
5
2
57
1
1
357
1
16
461
1
2
25
21
1
1
1
2
3
1
1
2
1
1
7
2
3
2
1
1
1
1
88
1
1
1
1
1
1
1
3
15
1
1
1
1
1
1
2
1
12
1
49
1
2
11
1
1
2
2
1
1
17
6
1
3
3
4
1
1
8
1
4
12
1
2
50
1
1
3
1
2
1
1
5
62
1
1
2
1
1
1
1
1
7
1
26
1
2
1
1
12
2
1
1
5
2
2
1
4
1
1
1
1
4
1
1
10
1
3
1
1
1
1
1
2
1
1
1
1
1
1
1
2
1
1
1
2
2
1
34
1
1
2
1
3
1
2
2
1
7
1
2
1
9
2
1
1
1
3
1
2
4
1
14
1
1
3
1
1
1
2
1
1
1
2
1
6
2
2
25
1
1
4
1
1
1
1
2
2
1
1
1
2
1
2
1
2
1
1
2
1
6
1
32
2
2
1
163
1
1
9
2
163
1
5
1
1
1
2
1
1
60
1
1
1
1
4
5
1
10
1
1
10
2
3
33
1
1
12
1
1
4
4
2
1
2
3
1
3
1
2
3
3
62
23
1
2
10
1
1
4
1
1
5
9
1
1
7
1
2
1
1
7
1
99
2
1
2
1
4
8
3
2
1
27
1
1
1
3
1
1
4
1
14
1
14
1
2
1
1
2
30
6
1
1
1
32
1
3
2
3
7
1
1
1
18
3
2
1
1
1
1
11
4
7
1
1
1
3
27
1
1
2
1
1
1
1
5
7
1
2
1
1
2
3
1
6
1
1
1
1
1
1
2
1
1
1
12
1
2
1
8
2
15
1
1
11
7
4
2
1
1
2
33
3
1
3
1
1
1
1
11
1
2
1
1
32
5
1
14
1
1
1
30
1
1
232
1
1
1
1
1
7
1
1384
1
1
1
1
1
1
1
3
37
7
2
2
2
1
6
5
2
12
1
1
1
30
1
1
1
1
1
276
1
1
1
2
1
1
1
1
1
2
1
1
1
9
1
3
1
2
1
1
1
1
1023
10
1
1
1
10
5
2
11
1
10
3
4
16
1
4
23
1
3
385
2
1
2
1
8
1
1
3
4
3
1
1
1
54
1
1
1
1
2
116
7
9
3
14
2
1
3
1
1
1
2
1
1
1
7
1
1
1
1
3
3
1
36
1
2
1
2
11
1
1
3
1
14
1
1
2
4
4
1
2
1
3
6
23
1
1
359
1
4
233
2
1
2
1
12
1
1
1
1
1
1
1
1
3
3
1
1
6
1
2
1
1
1
5
1
4
1
2
1
10
1
1
1
9
1
1
2
21
1
3
10
2
1
1
1
1
14
1
1
1
1
5
1
2
1
1
2
1
1
4
3
1
40
2
148
1
15
3
1
1
1
1
6
3
311
6
3
14
1
1
2
1
1
1
3
4
3
2
1
1
2
1
2
2
4
1
28
1
1
7
232
60
2
6
1
1
1
1
1
4
50
2
12
2
2
1
6
27
1
7
1
1
23
2
1
6
2
7
1
2
2
104
5
1
4
3
1
1
10
1
1
1
8
3
3
2
427
1
1
3
2
6
5
1
1
1
1
1
1
542
2
2
16
1
35
1
2
16
2
5
1
2
3
1
2
31
1
6
1
1
1
5
12
11
12
1
1
3
1
6
1
3
1
1
2
1
54
1
1
1
3
2
10
67
13
1
1
1
1
670
7
1
6
5
3
3
1
15
1
1
56
5
1
4
8
4
1
1
113
1
1
4
1
1
90
2
1
1
13
1
1
1
1
3
23
8
49
1
2
2
2
1
1
1
2
4
24
54
1
3
6
19
5
1
1
1
1
4
1
6
1
2
1
4
12
2
1
4
2
1
115
1
4
2
1
1
20
1
3
32
2
542
4
1
1
3
4
1
1
1
1
4
1
1
12
3
1
5
1
23
11
418
2
2
4
3
4
3
1
1
3
1
2
1
1
5
10
2
1
1
1
30
2
2
1
56
1
1
1
1
4
1
1
1
1
6
1
22
24
22
1
1
1
2
36
2
12
359
2
1
4
6
1
1
1
1
5
1
1
1
2
2
1
2
60
1
11
41
1
15
1
13
36
4
2
4
2
1
2
1
19
3
27
1
5
11
1
107
4
5
2
2
1
1
9
1
1
5
2
1
6
6
1
19
1
1
2
1
5
1
5
1
1
1
4
7
1
419
1
2
5
4
1
1
110
10
88
2
136
1
20
1
2
2
2
4
17
2
1
1
2
1
3
1
31
1
1
1
10
12
1
7
1
35
1
1
1
1
1
1
1
1
2
1
32
36
2
1
1
3
1
7
1
1
1
1
1
4
2
5
4
1
25
1
3
1
9
2
2
1
1
49
26
17
1
5
2
1
1
2
1
1
2
2
1
2
1
18
23
1
1
1
1
1
1
1
1
1
2
2
1
1
1
1
3
1
1
2
2
32
1
3
1
58
1
1
1
8
1
1
1
2
1
1
23
1
2
1
1
2
5
1
1
3
15
2
56
1
1
6
1
1
2
1
5
1
1
5
1
10
9
3
1
8
22
1
1
12
1
6
46
3
23
12
1
1
9
1
1
1
10
1
3
10
1
10
1
2
1
2
1
1
6
1
1
1
44
5
10
3
1
1
74
1
2
24
11
5
33
4
1
2
2
22
3
1
2
3
1
2
2
8
2
3
2
3
123
155
12
3
1
52
45
1
1
2
6
8
3
1
4
9
2
9
615
1
1
1
2
8
1
2
1
101
3
3
10
22
17
42
2
10
56
14
1
1
1
6
4
11
9
1
1
1
6
170
1
3
1
1
9
1
1
7
1
8
1
2
2
2
4
11
1
1
1
6
1
1
2
1
13
18
5
6
8
4
2
7
9
1
1
1
2
10
1
12
1
807
3
2
3
5
2
12
3
8
1
1
2
1
1
1
1
1
3
1
5
1
1018
1
5
1
1
1
6
1
5
1
5
1
3
1
1
1
3
1
1
1
8
22
1
6
3
1
2
1
1
3
1
12
2
8
7
1
3
1
5
1
1
1
1
3
1
1
1
1
1
3
1
2
1
1
4
1
2
1
7
3
3
1
1
4
1
1
4
3
63
1
27
1
2
14
2
29
1
1
2
1
3
1
122
9
5
4
1
1
4
2
1
1
1
2
1
1
1
1
1
2
1
1
3
1
1
1
1
1
47
2
1
1
5
1
26
11
3
1
1
1
1
1
1
2
1
1
3
8
1
1
2
1
6
1
1
13
1
1
9
1
1
9
1
1
1
7
3
97
1
1
2
3
1
1
3
1
3
691
1
1
3
12
1
1
2
8
3
4
1
21
1
1
1
1
1
1
2
4
6
2
26
1
1
1
6
34
6
1
12
5
7
1
1
1
2
1
1
3
1
1
10
4
1
1
1
1
1
1
1
6
1
3
1
1
2
1
2
1
1
6
1
4
2
2
2
2
1
1
1
4
7
15
1
1
117
1
1
21
3
2
3
2
1
1
1
2
2
8
7
9
1
10
3
1
1
1
1
1
1
1
3
1
1
3
1
1
1
1
1
1
1
1
2
5
1
1
1
1
36
1
1
2
1
2
2
1
8
17
1
1
1
1
1
1
1
1
6
3
2
1
3
2
8
1
1
1
1
2
1
1
5
7
4
1
13
2
1
1
2
1
2
3
1
2
4
4
1
1
1
1
2
1
1
1
2
1
1
2
5
1
3
55
2
1
2
7
1
1
78
3
1
1
75
1
1
5
1
1
1
1
1
1
1
1
37
12
9
1
1
2
1
1
2
2
1
48
1
1
1
1
23
5
1
38
25
1
2
2
12
99
142
4
244
1
3
1
3
1
1
1
1
4
2
1
12
2
6
1
1
1
1
1
2
1
1
2
1
2
4
14
1
1
4
9
3
1
8
9
3
1
1
1
1
11
1
2
2
1
1
1
1
5
4
13
1
3
1
2
1
3
1
1
1
1
2
2
1
2
3
1
2
1
1
2
1
26
1
1
4
1
1
29
1
8
1
2
2
2
1
1
3
2
1
24
1
3
1
3
2
3
1
1
1
1
3
46
2
3
1
1
1
31
13
1
1
1
1
1
1
2
1
1
5
3
4
4
1
215
1
7
38
29
1
1
35
1
2
2
2
31
3
1
2
7
2
1
6
1
1
5
2
1
2
1
1
1
1
1
1
10
1
1
1
1
2
21
13
1
1
1
1
1
55
1
2
12
13
5
6
27
12
35
1
5
1
4
7
2
87
2
6
1
2
4
11
1
1
1
1
1
553
1
1
3
2
3
1
1
1
1
26
10
3
2
1
7
1
3
5
21
1
5
1
36
1
3
2
10
2
1
1
1
3
2
2
4
1
1
1
1
1
7
4
2
2
2
11
14
1
2
1
1
2
1
3
1
5
2
37
1
1
2
1
21
1
1
2
4
1
1
1
1
3
1
1
1
2
2
2
1
6
2
89
1
1
5
1
1
1
1
159
6
1
1
7
5
8
298
3
2
1
4
9
4
50
4
64
1
1
1
6
1
1
42
18
1
2
1
2
1
1
1
1
2
1
3
2
1
2
2
4
4
53
24
6
10
1
1
2
2
3
1
4
787
1
3
1
2
10
2
1
1
1
2
1
2
8
1
2
1
42
4
1
5
2
1
1
1
6
1
1
306
1
16
1
13
2
10
1
1
1
1
1
1
1
1
8
1
10
4
2
1
9
2
1
1
1
10
1
1
9
4
1
1
2
6
1
1
1
2
3
7
1
1
32
2
1
16
9
1
6
2
10
1
2
2
1
1
1
1
7
3
2
11
3
9
1
1
1
2
1
6
1
22
13
1
1
11
30
1
1
3
1
1
15
171
1
2
1
2
3
4
4
5
1
1
1
6
2
1
32
1
4
1
1
1
5
1
6
7
1
2
2
2
48
3
1
1
13
158
1
58
2
1
3
1
10
28
1
23
2
1
1
1
1
1
1
3
1
1
1
1
1
12
1
1
2
1
4
1
1
1
4
2
29
2
1
3
9
6
2
1
3
1
38
2
1
25
1
1
1
1
6
149
1
4
4
4
1
1
1
5
4
1
6
1
1
1
3
27
2
268
2
88
1
1
1
5
7
12
1
1
555
1
3
1
2
1
1
6
20
1
4
1
15
1
7
4
17
1
3
22
1
1
1
4
2
3
20
2
1
1
1
3
4
1
10
1
2
3
2
2
2
1
11
32
2
1
2
5
1
3
1
1
2
6
1
2
9
4
6
1
15
2
26
1
1
14
1
2
2
3
1
2
2
3
1
1
1
1
1
1
2
1
17
1
2
1
1
36
73
1
1
4
1
1
4
8
1
2
1
1
22
1
1
1
1
1
1
1
1
1
1
1
2
4
2
3
1
1
1
1
2
1
3
1
1
1
3
2
1
2
1
1
1
14
1
1
1
1
3
1
25
2
2
2
1
1
1
1
120
4
1
6
1
3
14
6
2
2
7
1
1
1
1
1
2
1
3
24
1
1
1
1
1
2
1
3
27
33
4
1
2
1
24
1
7
1
22
12
1
2
8
6
1
2
1
1390
1
2
1
13
2
1
1
2
1
3
10
2
5
1
14
1
5
43
1
5
26
1
6
2
2
2
2
1
1
20
1
1
1
2
1
1
3
1
1
1
2
1
4
1
5
1
1
1
5
1
1
10
2
1
1
1
1
1
2
1
1
2
11
1
3
3
1
7
1
12
1
1
1
2
2
1
1
1
1
64
1
2
1
2
4
2
96
2
3
18
1
1
142
1
1
1
2
4
39
4
1
6
6
28
1
906
1
1
1
56
1
1
1
87
7
1
1
1
1
1
2
4
14
3
1
19
3
77
1
3
3
2
1
1
20
1
8
1
8
4
5
5
4
13
7
2
1
1
2
1
2
3
15
1
6
25
2
3
1
5
4
1
1
1
3
1
8
3
1
1
1
1
1
1
1
1
1
4
1
1
2
1
2
1
2
3
1
1
2
65
1
1
1
1
24
2
1
2
1
1
1
20
1
3
1
2
1
6
2
1
7
1
2
1
7
1
1
2
2
5
97
2
3
2
1
1
27
1
1
1
1
1
55
8
1
2
1
6
2
21
3
1
8
2
2
7
16
1
2
1
10
2
1
16
1
2
1
1
1
1
2
7
1
1
14
1
50
31
2
4
1
4
2
1
3
1
1
1
2
1
12
1
48
2
2
7
8
1
1
1
5
1
1
2
17
1
305
8
78
1
1
1
47
1
1
1
1
1
1
1
1
1
6
14
2
1
2
1
7
1
1
1
1
1
1
4
1
6
1
11
2
1
1
1
1
12
1
2
5
1
2
1
1
1
1
1
4
1
4
2
1
1
6
3
13
3
1
1
1
1
1
1
2
1
1
1
1
1
2
1
1
2
2
1
2
4
43
1
7
8
8
6
14
104
1
9
25
1
1
1
2
9
1
16
1
1
1
1
3
1
1
1
1
1
188
1
2
3
8
1
8
5
1
1
1
5
1
1
8
9
1
20
3
1
6
91
3
1
6
1
1
1
1
1
1
1
1
1
13
1
1
1
12
21
1
6
1
3
1
3
1
1
1
3
1
2
3
1
170
1
1
9
14
15
1
1
1
1
1
1
1
1
17
1
2
2
1
1
2
1
20
1
1
3
1
99
1
7
2
1
1
1
1
1
14
1
1
11
1
2
20
6
1
5
1
1
14
19
3
1
2
1
1
2
1
16
1
3
4
1
1
16
1
1
1
1
1
1
1
1
1
1
1
31
1
1
2
1
1
1
3
8
7
302
1
1
3
44
1
9
2
1
1
1
1
1
1
1
1
1
1
2
1
8
1
1
1
1
1
1
7
1
1
6
1
1
1
1
5
1
1
1
2
3
1
1
1
2
2
27
242
2
1
3
1779
1
1
1
1
1
5
1
1
5
1
1
1
2
403
1
5
2
1
4
2
2
1
4
2
16
3
1
1
8
1
1
1
6
1
1
1
3
1
2
2
2
3
2
1
13
1
1
1
5
6
2
9
8
1
1
2
9
27
20
1
1
1
13
6
4
1
1
4
8
3
2
2
1
1
1
1
1
2
1
7
4046
1
4
1
60
1
1
6
1
2
1
1
144
1
2
1
1
1
1
1
49
1
21
1
3
1
6
1
1
1
1
2
11
2
1
1
2
1
1
100
2
1
8
1
15
1
1
1
1
1
2
6
5
1
3
1
6
7
10
1
4
2
1
3
1
1
2
2
1
34
6
1
1
1
1
36
8
1
1
2
2
1
3
1
3
2
3
56
1
2
1
2
193
1
2
2
1
1
1
1
4
1
7
14
1
17
19
1
361
1
2
239
1
2
1
970
1
1
1
1
1
3
126
1
2
1
2
25
51505
8
1
2
27
7
1
3
1
4
1
1
1
1
2
4
3
30
9
1
1
26
5746
1
1
1
3
1
3
1
1
4
2
1
1
1
1
1
1
1
1
2
1
1
2
1
4
1
2
27
1
6
8
1
1
10
2
5
1
3
3
1
1
229
1
1
14
2
1
1
1
131
9
1
1
1
7
3
30
1
1
11
4
1
1
1
1
2
5
16
1
4
1
1
1
2
4
665
2
38
1
4
2
5
15
5
2
7
1
1
1
12
1
1
3
1
1
1
3
1
2
1
5
3
53
1
1
1
6
1
7
42
5
1
4
3
16
1
1
7
1
4
1
1
1
1
1
192
16
2
45
1
2
3
2
1
5
35
1
1
2
1
2
1
1
1
18
3
1
2
1
1
10
3
2
27
5
10
2
2
1
10
1
2
1
5
4
1
1
4
1
6
2
1
1
4
2
3
346
8
4
1
1
5
2
1
7
5
3
2
1
3
1
2
1
3
1
32
2
1
1
3
1
2
8
1
1
1
1
2
1
1
3
14
3
2
1
1
1
1
1
92
1
4
300
4
5
2
3
9
1
15
1
1
137
20
2
3
3
1
69
3
198
1
752
2
2
1
1
2890
1
1
4
1
61
227
1
2
2
1
1
24
12
507
2
1
1
14
84
57
1
7
3
18
1
115
1
20
1
1
1
1
1
1
129
1
112
1
1
4
1
9
5
1
2
1
2
1
2
2
1
9
1
1
3
1
1
2
3
2
2
78
3
77
24
20
1
1
1
176
4
3
1
1
1
1
1
4
1
48
2
1
2
49
70
5
42
6
1
2
6
1
1
6
6
1
1
4
13
21
3
1
1
2
4
10
1
3
2
2
2
26
1
7
1
2
1
1
6
2
3
1
1
2
1
1
2
125
3
1
1
104
1
2
1
1
12
1
2
1
1
20
5
5
2
4
5
5
7
1
1
1
94
1
2
29
1
2
1
60
2
8
1
13
3
2
1
1
2
2
2
10
4
2
1
26
1
1
5
7
65
2
2
2
4
1
12
1
4
1
1
30
1
2
3
15
1
2
6
62
1
90
8
1
1
2
4
3
1
4
3
1
8
5
1
6
2
1
5
1
400
1
307
2
4
1
1
2
2
1
1
6
1
5
511
3
1
1
1
1
46
6
2
7
1
5
2
1
3
1
7
4
1
2
1
1
1
1
8
10
1
1
50
2
4
36
1
1
1
2
2
6
1
4
1
4
1
2
1
1
51
10
70
16
1
4
1
1
4
5
29
42
352
1
2
3
5
1
11
1
1
1
1
1
7
2
1
10
14
1
1
11
7
2
167
1
1
1
1
1
1
8
10
1
1
1
404
311
4
1
6
8
1
5
40
1
1
1
2
1
1
1
1
1
2
7
2
2
2
30
3
1
4
1
1
2
1
1
1
1
1
19
1
1
44
1
1
3
1
1
1
1
38
1
9
1
1
1
10
49
38
1
1
592
1
86
48
4
1
23
1
1
122
9
1
1
5
4
1
1
1
1
1
2
1
1
2
1
1
2
1
10
79
6
16
23
1
18
1
1
1
2
1
3
1
4
2
118
1
12
7
1
5
1
2
14
5
1
58
1
1
1
1
30
1
1
1
9
8
13
2
1
6
8
1
1
1
1
1
2
4
1
1
3
1
5
4
1
1
1
1
2
7
1
1
1
1
49
1
2
4
32
3
1
2
1
1
1
12
13
16
1
1
3
2
1
1
1
1
1
1
1
4
1
3
4
1
20
1
7
1
6
1
2
1
1
1
1
4
2
11
1
3
56
4
104
1
1
2
1
1
3
3
6
1
1
1
17
6
1
1
245
3
22
330
4
1
5
1
1
2
1
2
1
4
2
2
1
2
2
1
8
5
1
1
1
5
1
7
1
6
4
3
52
1
1
6
1
1
3
1
1
3
1
1
1
2
1
1
2
2
1
22
11
3
10
1
3641
2
1
1
5
42
1
2
5
1
1
371
2
1
1
11
1
5
2
1
29
7
1
8
1
1
395
1
1
3
3
59
5
9
1
1
1127
1
6
1
6
5
1
2
8
1
8
1
3
2
7
1
1
1
1
5
3
396
5
19
1
1
1
1
1
1
1
1
3
3
1
3
5
2
4
35
1
1
2
1
1
1
1
1
14
1
1
1
1
5
52
2
15
1
1
82
4
9
7
1
5
3
1
3
10
2
4
4
4
2
8
1
1
3
3
4
42
1
8
1
4
1
1
6
3
1
1
52
1
78
1
1
2
1
19
5
1
1
1
1
1
4
11
16
1
1
3
6
4
13
11
75
1
65
1
19
5
3
14
1
1
4
38
1
3
74
71
54
6
1
1
6
2
1
1
28
1
2
13
1
5
7
1
3
1
31
1
1
1
12
1
1
1
6
21
1
1
1
231
4
1
1
1
1
5
1
17
1
9
1
32
1
1
1
4
6
1
2
8
1
6
6
33
4
2
1
36
1
1
1
3
7
3
2
1
5
1
3
2
1
1
2
1
18
2
4
19
1
4
5
1
1
8
40
2
1
9
1
1
1
2
1
8
9
3
15
36
2
2
2
2
10
6
2
1
1
12
4
1
6
1
1
1
2
23
1
11
3
25
1
2
6
1
12
3
1
1
1
4
4
19
1
1
1
2
23
1
29
1
2
4
1
2
6
4
6
4
83
1
1
1
1
78
3
1
6
64
5
5
3
2
1
2
2
4
1
2
2
3
1
1
1
2
1
1
4
4
20
1
1
5
2
2
2
1
4
3
22
1
2
250
1
3
34
2
3
1
3
14
12
1
168
1
2
2
1
3
7
2
1
5
2
1
2
1
4
3
1
8
2
103
28
1
1
3
30
1
4
1
1
1
1
1
1
6
127
1
4
1
3
1
5
1
1
1
21
1
131
1
1
1
1
8
1
1
1
1
1
2
1
1
1
1
3
1
56
4
1
1
4
7
2
1
2
9
1
8
1
49
6
6
2
4
61
1
2
1
1
1
1
1
3
134
1
1
1
2
1
1
7
1
63
7
2
1
1
1
1
1
3
1
1
3
1
1
1
4
1
40
4
2
1
4
3
1
3
1
1
5
1
1
1
1
1
2
1
5
1
1
197
1
5
19
1
1
1
1
164
1
1
36
2
1
1
21
32
13
1
1
3
3
2
1
1
2
1
2
2
1
1
2
2
1
2
43
2
1
1
1
1
1
8
78
3
1
37
2
6
4
50
1
1
1
1
5
9
1
3
3
2
1
1
41
1
1
1
1
1
1
1
1
2
3
6
1
6
85
1
1
5
1
1
1
1
2
1
1
17
1
1
1
2
3
1
47
1
1
1
1
1
18
2
1
4
2
1
28
3
1
11
1
6
2
1
12
1
1
1
3
15
1
2
1
1
2
3
14
5
18
81
23
2
7
4
1
1
1
2
9
2
1
1
8
19
1
1
56
2
2
5
1
3
61
9
1
1
1
1
1
1
1
1
1
1
1
1
1
2
3
1
15
1
1
1
2
5
8
1
1
12
3
1
1
1
6
1
18
4
1
82
3
2
1
30
1
2
2
1
1
3
1
5
2
5
1
4
1
2
10
2
1
1
45
2
2
7
1
1
1
1
9
1
2
1
1
1
1
2
1
1
4
6
1
25
54
805
2
1
1
1
19
26
1
1
5
4
1010
3
2
2
2
1
1
6
3
2
1
1
2
11
12
1
1
3
3
36
1
1
1
640
1
1
1
7
3
60
17
2
4
2
2
3
1
1
1
2
1
2
2
1
5
4
1
1
1
1
1
1
1
5
2
1
1
1
1
1
84
9
2
1
15
2
14
1
2
3
1
11
1
2
1
24
1
4
5
2
6
1
1
1
1
1
2
9822
1635
10
3
1
54
6
2
1
1
1
2
1
1
2718
49
18
5
2
1
98
8
2
2
1
1
1
5
2
2
1
14
1
1
1
1
110
2
1
1
4
1
4
13
7
2
1
2
3
1
1
1
1
1
1
2
1
1
1
1
2
1
1
1
3
1
14
1
2
1
1
17
2
1
1
2
1
1
1
2
21
2
35
1
2
6
1
2
1
1
26
6
1
17
3
1
6
2
1
1
6
3
17
2
1
2
7
3
1
1
2
1
19
2
1
3
3
307
1
12
1
2
2
1
1
5
1
1
2
6
2
1
1
1
1
1
68
1
22
1
1
3
1
1
6
1
1
1
8
21
1
1
107
1
5
1
1
1
22
5
2
1
2
1
1
9
1
19
1
4
1
24
1
1
3
1
1
1
2
1
5
1
31
2
5
12
1
2
1122
1
3
1
3
1
1
6
149
1
1
2
160
1
1
19
1
1
4
1
1
5
1
5
1
1
1
2
1
1
1
1
1
6
4
1
1
4
1
1
1
1
1
12
1
1
297
3
1
2
1
1
3
1
1
1
3
1
5
1
1
1
31
1
1
1
1
20
1
12
1
5
3
3
2
1
1
2
1
2
1
5
1
1
1
5
6
1
4
11
5
72
1
1
1
48
1
2
1
1
1
40
1
1
1
1
1
1
3
6
1
2
9
1
13
2
2
1
18
1
11
40
2
1
1
1
5
1
3
1
7
54
2
16
1
1
1
1
7
1
16
1
2
19
4
2
1
2
1
2
1
1
1
1
8
84
1
26
1
1
4
5
5
1
1
1
2
14
3
5
1
1
1
1
5
1
1
2
1
2
15
1
1
2
1
1
2
1
1
8
2
86
46
1
1
12
2
1
1
1
1
1
1
1
4
1
19
1
19
1
1
2
1
1
4
9
2
1
1
1
1
1
2
1
2
1
1
1
2
1
4
46
2
1
2
1
1
1
2
2
1
97
1
1
2
3
1
1
22
1
4
1
1
3
1
2
6
1
10
1
2
1
5
40
4
18
2
4
3
13
1
1
4
5
1
7
1
1
1
3
1
3
10
1
98
1
1
40
1
5
1
1
1
2
3
1
4
32
13
1
11
1
305
2
1
2
1
1
1
1
1
19
5
2
3
1
1
2
32
19
1
7
4
1
40
1
1
1
155
1
1
1
8
5
1
35
1
1
7
2
1
3
1
10
10
1
1
1
2
2
226
2
134
13
1
6
3
1
11
9
68
1
1
2
41
3
2
1
3
1
1
1
3
1
1
24
1
1
17
9
3
1
1
1
4
1
4
41
2
3
1
2
189
29
1
17
6
7
1
47
1
32
2
2
1
3
12
1
1
1
1
5
1
1
3
1
1
1
1
18
1
1
1
1
8
1
7
3
2
1
1
1
1
9
1
1
10
1
1
1
1
1
3
2
1
1
2
3
2
5
1
1
3
1
2
1
9
1
1
679
17
1
1
1
1
1
6
1
1
1
1
1
1
1
1
1
3
6
3
1
1
7
1
1
1
1
3
1
1
2
1
27
1
1
1
2
1
4
33
1
3
2
54
1
1
2
1
1
1
51
11
1
1
1
5
3
1
312
10
16
1
9
11
14
7
1
2
1
176
2
3
4
5
18
203
1
191
6
1
2
8
7
1
1
1
2
1
1
5
3
34
1269
1
1
2
1
2
1
1
1
4
2
4
353
1
1
1
2
2
1
1
1
1
5
1
17
1
1
1
5
1
2
1
1
125
3
1
1
3
3
1
3
1
1
1
38
6
1
17
1
7
2
12
20
5
16
1
11
3
1
1
2
13
2
44
2
1
3
43
1
14
2
2
15
1
1
8
1
35
1
1
1
9
2
2
3
2
35
5
4
1
1
1
11
1
1
2
1
1
1
1
1
18
1
2
1
57
20
1
32
1
10
21
1
1
1
1
7
18
10
4
3
2
1
10
1
1
3
9
3
1
2
56
1
1
3
1
56
10
2
8
1
7
12
25
1
1
22
1
1
2
29
1
62
16
9
3
4
1
49
1
14
1
1
13
1
8
7
22
2
25
88
3
1
2
61
2
1
1
1
1
5
2
1
1
57
2
8
192
1
1
1
1
39
1
1
11
39
1
3
2
1
1
43
30
4
1
3
2
9
1
1
4
1
1
1
6
8
4
36
1
2
1
1
1
1
1
2
3
2
1
4
5
2
1
1
33
2
1
1
1
9
208
2
1
1
6
21
1
5
2
1
5
35
1
3
113
1
13
1
3
1
2
1
1
1
1
2018
1
2
4
44
2
10
1
2
3
1
3
1
2
2
1
1
2
1
3
3
3
1
1
1
1
1
1
9
3
6
1
3
2
15
1
1
4
1
2
1
492
1
1
1
2
2
1
10
1
1
1
1
12
2002
1
4
1
6
8
1
6
10
3
1
1
1
1
1
2
5
1
6
3
1
3
1
1
5
2
1
2
5
2
2
52
120
1
25
6521
8578
1
1
2
4
1
15
58
2
1
1
3
7
2
2
48
2
45
11
1
274
8
3
4
1
8
1
1
1
1
2
3
1
220
1
1
2
1
178
34
4
2
2
2
1
1
1
7
1
15
6
4
1
2
18
1
1
19
1
1
1
1
5
1
1
10
5
1
4400
1
1
2
4
1
8
2
1
2
1
5
1
5
3
2
8
11
45
1
2
11
1138
2
5
17
2
2
2
1
2
2
1
2
1
16
2
2
4
1
27
6
1
1
1
14
1
3
34
1
1
1
11
201
1
1
1
2
1
1
3
1
7
1
43
52
32
1
1
1
13
3
1
1
2
153
1
1
8
4
2
9
1
52
1
1
1
2
2
1
6
3
4
4
2
1
1
1
30
2
94
1
7
1
1
1
60
1
2
2
1
1
4
1
1
1
1
2
1
18
2
1
3
1
1
4
1
1
1
20
1
1
6
1
2
3
5
1
1
1
1
6
5
1
1
2
1
151
2563
1
1
1
1
5
1
1
1
5
1
1
1
1
1
2
1
1
3
3
11
3995
28
22
1
1
2
7973
1
1
1
1
1
5
1
1
5
2
1
1
11
1
3
2
1
4
3
1
1
5
1
4
11
1
2
2
160
15
30
1
2
1
1
1
3
1
2
1
2
1
2
3
168
3
16
12
10
3
7
3
1
1
29
2
4
7
1
15
3
1
1
3
4
1
3
1
12
1
3
7
1
9
1
6
1
1
2
1
1
38
17
1
1
4
6
1
137
3
24
1
11
1
2
1
3
4
1
192
5
2
1
21
1
2
1
2
8
1
566
2
2
1
1
2
1
22
30
1
1
5
93
2
2
1
1
1
1
2
3
1
3
1
11
4
1
1
2
1
7
1
1
1
1
262
2
3
2
4
4
31
4
19
3
1
27
43
2
2
1
32
1
1
1
5
18
2
37
7
6
3
1
7
1
1
2
3
1
2
1
2
1
5
15
21
4
2
46
1
2
1
2
1
1
1
2
5
1
1
1
1
1
555
1
1
1
106
1
1
5
33
1
1
15
2
1
10
5
2
1
1
6
1
1
4
391
24
2
1
1
2
2
1
2
1
2
1
15
270
1
1
32
1
1
19
4
1
1
1
17
14
247
10
1
6
7
4
1
8
1
1
2
32
1
1
1
1
4
1
2
1
1
1
1
1
9
1
1
1
1
1
1
1
2
14
1
1
1
9
1
2
62
1
1
1
1
6
3
16
2
1
1
1
1
1
1
6
1
2
1
1
1
22
2
18
1
1
16
18
1
9
3
1
1
1
4
14
13
839
1
1
16
4
2
118
4
1
1
3
1
3
2
1
2
2
3
8
1
1
4
1
1
6
3
8
1
1
4
4
1
1
2
1
2
3
1
1
2
3
1
2
1
1
1
3
15
1
1
7
1
2
2
1
1
1
20
4
11
4
1
1
1
1
1
1
3
16
1
1
52
3
1
32
1
1
1
1
10
1
16
1
1
1
1
1
8
1
1
19
1
2
2
3
1
1
3
1
3
3
1
2
1
2
1
1
1
8
1
136
2
1
2
1
1
1
1
2
1
1
2
2
1
2
1
1
1
2
124
2
2
180
11
13
1
1
1
9
51
1
1
8
2
3
1
1
1
1
1
5
1
4
1
1
1
1
1
2
3
2
1
7
1
1
1
1
2
2
1
1
2
6
1
34
1
1
9
1
1
2
2
34
2
1
7
26
2
10
1
1
1
1
3
6
3
1
1
1
5
1
4
1
1
3
8
11
1
1
133
2
1
1
1
3
5
2
2
2
5
118
11
90
1
1
1
1
2
1
1
2
1
4
1
1
1
2
1
4
24
1
1
7
19
11
21
1
1
2
10
1
1
1
39
1
103
1
19
6
8
3
2
8
1
3
1
4
1
1
1
17
1
8
1
1
2
32
5
4
2
2
4
1
1
1
1
1
1
3
18
4
3
4
4
1
1
1
1
1
34
8
4
3
1
1
1
4
1
1
1
1
1
2
1
1
7
4
6
26
1
4
1
6
3
1
1
1
1
14
5
1
1
1
3
1
1
1
1
2
40
2
4
1
1
2
2
1
1
28
7
20
6
1
5
2
1
1
2
5
5
1
1
2
1
1
35
1
9
1
11
2
1
2
1
1
1
2
2
6
16
2
41
8
7
2
1
1
319
6
1
3
1
1
1
45
2
2
17
6
1
1
3
1
1
1
9
6
1
1
1
2
1
8
1
3
1
2
15
1
4
13
1
1
3
11
1
1
1
1
1
47
3
1
1
1
1
1
1
18
1
2
1
1
3
1
3
3
2
35
4
33
1
3
3
1
3
3
20
1
1
1
1
3
7
1
2
1
1
4
4
24
2
2
2
26
1
1
2
3
1
2
2
1
11
2
6
1
1
5
3
2
5
2
9
1
1
5
19
1
1
7
119
3
4
31
1
3
1
1
1
9
26
1
1
14
2
1
5
4
1
10
1
1
3
1
2
1
1
1
29
7
5
7
38
4
2
1
4
1
85
36
17
25
22
1
1
1
2
1
140
1
314
1
109
3
1
3
1
70
1
6
4
46
21
17
1
2
3
39
2
2
1
22
2
2
4
5
3
5
1
1
17
5
12
2
1
7
1
1
1
1
1
6
1
2
8
1
2
1
2
1
1
1
20
1
1
1
1
105
3
1
1
1
65
3
7
5
17
10
2
1
48
1
1
1
40
1
1
1
1
1
1
3
17
1
1
3
2
1
1
30
2
1
2
1
1
2
3
87
2
40
1
2
4
3
5
1
4
6
1
3
8
1
15
27
2
1
2
9
10
2
17
2
24
1
1
4
59
3
2
20
10
3
2
1
1
38
271
1
1
2
1
11
1
1
1
1
1
139
1
11
1
183
2
1
2
1
7
2
1
1
1
36
13
1
1
2
5
1
1
134
4
1
3
3
1
1
1
1
35
1
2
3
1
4
2
3
1
8831
57
1
1
1
113
65
1
9
2
2
12
1
8
1
1
8
121
3
1
7
2
1
1
2
5
1
3
1
1
1
1
66
1
1
3
4
2
20
1
1
11
2
3
2
88
1
3
1
1
1
1
2
25
413
1
1
1
1
1
1
1
1
32
1
1
14
24
1
3
13
19
3
51
2
18
1141
1
1
19
2
1
6
1
15
1
24
7
2
2
1
1
1
25
1
1
1
4
5
33
2
31
3
1
2
38
130
1
1
1
2
1
1
123
1
246
2
1
2
2
1
1
1
2
1
1
142
9
1
55
6
1
1
69
5
1
1
1
105
5
2
2
24
7
1
3
1
1
5
1
2
1
5
1
1
1
14
12
1
1
3
2
1
1
2
1
1
3
57
4
2
6
1786
1
148
1
2
6
7
2
1
1
7
3
1
2
3
5
1
1
1
26
1
1
19
2
32
6
47
1
70
16
7
7
3
1
1
6
1
2
1
5
1
1
2
220
1
11
1
1
1
2
1
5
1
54
1
14
632
1
3
1
2
1
43
25
1
1
4
7
2
2
1
1
3
1
316
2
1
1
2
1
3
1
1
4
2
1
1
1
1
1
1
1
1
1
46
1
1
3
1
3
1
9
1
1
3
1
1
1
2
3
1
7
1
1
8
1
1
1
1
1
2
3
3
14
1
2
21
17
16
1
10
1
3
9
1
2
1
6
1
5
1
2
1
3
5
1
1
1
19
5
30
2
3
2
1
10
27
1
2
1
2
3
1
1
1
7
1
16
5
1
2
1
1
5
10
2
1
2
1
5
2
1
5
1
1
2
9
1
3
13
3
1
87
1
1
1
3
1
1
2
1
2
3
108
1
4
3
1
7
1
6
1
1
6
1
1
14
1
5
2
1
28
11
1
1
20
5
2
4
1
11
1
6
7
196
1
1
1
16
1
2
3
1591
1
1
1
4
1
24
1
1
1
4
2
1
1
1
191
1
1
16
1
1
1
5
30
39
1
2
1
1
1
2
1
2
1
1
2
1
2
21
1
2
1
1
37
12
1
2
1
1
1
1
1
1
1
156
17
3
5
1
1
1
1
1
1
4
30
2
1
2
1
2
1
1
1
10
4
1
1
1
1
12
1
2
1
3
8
1
1
2
6
1
2
1
1
1
1
2
1
2
1
2
1
3
1
1
4
1
1
451
1
3
1
132
1
1
646
1
1
8
6
2
50
1
1
48
1
1
1
2
1
1
3
2
1
1
1
6
1
1
3
1
1
1
10
4
2
1
1
1
1
1
2
18
1
4
10
8
2
11
1
2
1
1
2
1
2
1
2
1
1
3
1
1
1
1
1
53
4
2
1
4
1
1
1
1
1
2
1
1
5
1
1
46
12
19
1
1
4
6
1
1
1
1
3
2
1
1
1
1
5
35
1
1
1
1
1
1
1
1
1
2
4
2
4
1
3
4
1
22
4
1
1
1
2
1
2
4
1
9
84
1
717
1
1
1
1
5
3
4
90
1
4
1
9
6
3
2
30
4
1
28
1
6
1
1
3
2
1
70
1
1
1
1
1
1
8
4
1
85
1
1
1
2
4
12
1
8
2
1
1
1
2
1
1
1
3
1
26
5
7
1
418
4
9
1
2
2
1
2
1
1
2
1
3
1
1
1
17
32
1
13
1
1
87
1
2
1
108
23
3
17
6
1
2
63
3
1
7
2
2
1
1
2
16
2
1
3
2
3
2
1
1
1
3
5
8
1049
1
11
19
1
29
7
2
1
1
45
2
2
2
1
3
19
3
3
1
5
6
1
1
2
1
1
1
1
1
1
3
9
1
1
1
1
1
60
1
4
1
2
1
1
5
23
6
1
2
2
1
1
1
278
5
1
1
1
1
1
4
1
1
1
221
1
16
21
7
322
6
10
2
5
3
20
28
1
4
5
2
1
1
1
15
4
6
1
1
1
1
1
1
1
1
2
4
1
1
2
90
2
1
1
6
2
1
3
1
6
2
38
1
2
1
3
2
4
1
1
5
2
1
1166
2
1
1
1
1
1
42
4
1
1
22
1
38
2
19
1
13
1
2
1
14
7
1
1
2
1
48
1
1
3
21
2
1
1
1
2
6
1
2
2
1
1
1
1
31
2
69
1
1
1
1
27
3
6
8
2
1
1
2
5
2
2
1
2
26
1
2
8
2
1
2
10
62
91
7
56
2
1
1
1
1
11
1
1
3
4
3
2
133
1
2
5
2
1
1
1
1
3
4
1
20
1
13
2
2
91
1
2
6
1
1
2
1
7
6
7
9
1
1
4
1
5
6
42
1
1
50
1
1
1
150
1
2
11
7
1
3
1
1
1
1
1
1
18
1
1
2
4
3
3
10
1
47
99
2
3
9
1
1
1
3
2
1
27
4
18
30
2
1
7
4
1
9
1
1
19
1
1
2
2
1
1
1
3
4
5
6
2
89
1
1
1
2
1
3
5
1
27
1
4
1
1
1
2
1
1
1
1
1
1
1
5
1
2
6
1
1
1
4
5
59
1
10
5
2
3
1
3
1
13
2
2
2
1
2
1
1
52
2
1
1
12
12
23
3
3
1
3
1
9
25
2
1
1
1
1
3
31
1
14
6
2
3
1
1
5
3
4
6
1
1
1
1
1
1
3
11
1
5
1
2
2
1
12
39
55
15
1
15
3
1
6
1
1
1
1
4
10
1
7
1
2
2
3
1
1
4
188
1
1017
1
1
6
540
1
6
32
1
1
1
1
29
1
1
2
26
123
16
2
7
2
1
1
1
1
1
8
1
71
1
43
565
1
1
30
2
1
346
1
1
1
1
12
1
1
4
1
4
1
1
5
1
1
3
1
1
1
1
4
1
1
1
2
1
1
2
5
1
2
3
1
2
2
972
1
6
1
1
257
30
1
15
3
3
6
1
3
3
1
85
7
5
1
2
1
1
2
196
1
1
1
1
1
4
1
1
7
2
1
1
3
1
1
1
5
131
12
469
1
1
1
1
3
1
1
7
6
1
1
1
1
2
1
1
1
1
1
1
1
3
1
1
1
1
1
1
1
706
1
16
3
1
2
1
3
1
2
1
10
6
2
4
418
4
2
1
1
1
557
1
1
1
2
7
1
6
6
3
6
1
2
20
1
15
4
2
3
1
4
2
42
60
1
7
2392
2
1
2
1
4
11
4
2
1
12
1
7
7
8
1
24
7
4
44
2
4
9
1
1
1
127
1
2
2
2
2
12
1
12
3
1
1
7
1
1
4
12
28
10
1
21
1
1
1
2
1
1
1
1
1
1
1
1
2
1
3
1
3
1
1
1
2
2
1
15
12
1
4
1
2
5
1
39
5
1
1
15
26
1
8
52
6
1
3
3
1
1
3
11
1
7
1
1
15
1
7
1
2
1
2
1
5
1
4
11
1
1
1
47
25
2
2
1
2
1
1
5
361
9
1
3
2
1
2
3
1
1
1
4
4
2
1
4
6
2
1
10
1
2
6
4
1
4
1
1
4
27
1
4
103
154
1
26
1
27
1
1
4
1
1
3
2
1
52
29
1
1
1
46
3
2
1
1
1
18
1
652
4
1
1
9
1
78
1
1
8
1
4
218
138
1
1
65
2
24
1
1
1
1
1
5
1
1
20
1
1
1
2
1
5
1
1
1
2
1
1
1
6
1
1
1
6
1
3
1
2
1
1
3
4
8
14
257
2
6
14
217
11
39
1
8
27
2
7
2
2
2
1
20
1
3
1
4
25
5
73
1
1
2
5
2
6117
20
1
1
1
19
2
1
4
2
1
2
2
1
2
3
2
1
2
1
1
1
1
1
1
21
1
1
1
2
21
1
3
44
1
26
6
1
2
2
1
3
3
1
10
1
7
6
2
34
84
1
1
1
10
11
4
3
1
18
6
1
43
1
1
1
1
1
9
1
7
1
1
4
1
30
2
6
7
2
6
9
1
4
1
3
12
1
1
3
3
1
2
6
1
1
1
1
3
4
10
37
2
1
1
5
1
1
3
1
10
408
1
1
2
1
1
1
5
1
4
5
6
14
4
14
2
3
1
1
9
4
2
6
53
1
1
1
2
7
1
2
2
1
20
1
3
1
1
1
10
9
1
1
2
1
2
2
1
4
1
1
11
1
42
10
1
1
1
11
1
3
1
1
1
2
4
1
1
2
2
1
23
1
10
2
1
1
206
14
1
1
1
3
33
1
9
2
1
2
1
3
7
21
1
1
1
1
2
1
3
1
1
1
93
2
1
1
1
1
1
1
8
1
6
40
3
22
1
1
1
1
3
1
18
2
5
5
1
34
1
5
99
2
46
5
70
1
11
5
1
1
9
6
37
1
10
1
13
3
1
247
2
3
29
3
1
1
1
16
2
41
1
2
2
6
1
3
1
3
1
1
1
7
11
5
1
2
10
1
1
2
12
2
5
1
2
1
2
1
27
3
1
1
2
1
1
1
4
1
5
2
1
1
1
12
1
1
1
14
7
1
2
1
7
6
2
3
5
13
8
49
2
4
1
3
4
1
58
17
1
1
7
1
5
2
5
1
1
885
1
1
6
4
1
21
1
15
6
18
2
1
1
2
1
1
1
1
1
389
1
1
54
1
1
1
1
1
8
5
2
339
1
2
1
5
2
1
8
2
2
1
1
6
1
7
1
6
220
31
28
1
4
1
3
1
1
3
1
1
1
1
1
1
1
2
1
2
62
1
2
2
3
1
3
1
1
1
7
1
1
1
29
3
1
1
5
6
7
1
47
2
21
2
1
6
9
1
1
114
3
16
15
1
4
2
2
1
2
1
3
2
5
14
5
3
1
1
1
1
2
12
1
2
4
1
1
1
4
1
190
33
1
2
3
1
3
3
3
16
1
5
7
2
1
1
7
1
1
1
8
1
1
1
1
1
2
14
2
2
1
1
10
3
12
11
7
22
2
1
21
1
177
3
4
1
4
3
37
1
422
2
79
1
1
1
1
1
1
8
5
1
1
208
1
45
3
1
1
1
3
1
1
1
1
2
5
1
2
4
1
1
1
31
2
46
1
22
68
3
1
1
2
1
1
1
1
1
1
5
1
1
4
1
82
5
106
10
1
1
3
1
19
1
9
1
1
1
1
3
1
7
2
5
2
2
1
5
1
9
2
9
6
1
36
1
1
1
2
136
5
1
1
3
3
2
1
1
1
4
2
1
1
7
3
25
42
1
1
3
2
15
6
2
61
15
4
5
1
1
4
1
12
5
6
24
1
1
2
2
1
1
1
1
2
2
61
1
13
1
84
1
1
2
1
3
13
2
1
51
1
131
1
1
19
1
1
2
1
1
5
1
13
1
2
2
29
4
1
1
10
2
55
1
1
1
7
1
1
1473
1
1
4
2
6
1
1
9
1
13
12
1
6
1
1
1
2
2
1
1
9
3
1
5
6
1
6
24
3
2
11
2
1
3
3
1
3
1
13
26
1
1
1
9
1
9
1
1
1
1
1
1
2
1
3
1
2
1
1
1
14
1
1
4
1
1
6
1
1
2
2
1
6
1
2
1
88
2262
1
1
65
3
2
1
2
6
145
1
1
11
1
2
1
1
1027
5
81
1
1
1
3785
1
1
2
1
1
1
1
1
3
5
24
2
2
3
1
1
2
2
2
4
36
2
2
14
1
5
1
1
2
1
27
1
1
3
1
1
1
2
1
13
1
50
47
1
1
2
2
2
1
12
12
1
1
1460
8
1
1
1
1
1
7
135
1
10
1
1
4
3
1
1
6
53
56
1
1
4
29
2
4
13
5
4
1
14
1
17
14
3
74
166
3
1
2
2
46
2
1
1
5
4
3
1
2
3
3
1
1
1
6
1
2
1
8
5
2
1
2
2
1
1
1
62
1
2
6
1
2
23
1
1
1
1
2
2
1
85
1
1
1
122
10
33
32
1
1
1
1
5
1
1
8
1
9
1
7
8
1
1
2
1
1
2
1
17
1
1
1
1
1
1
1
1
1
1
4
1
29
1
1
1
1
1
1
1
45
1
2
9
2
3
3
6
3
34
1
5
19
1
5
1
6
1
2
1
5
1
1
1
3
3
1
1
2
1
1
1
17
1
3
1
53
1
3
5
1
5
3
8
3
1
1
3
2
10
13
71
1
1
14
8
1
5
1
12
1
2
1
1
6
1
1
1
2
1
30
1
1
7
1
1
1
1
7
2
5
1
1
7
1
1
14
1
1
1
1
1
3
1
1
2
1
22
3
23
1
2
10
1
8
3
1
1
1
1
1
5
10
1
402
1
2
1
1
3
6
1
23
1
5
2
1
2
2
18
5
1
2
1
6
2
6741
743
1
1394
1
124
2
2
31
1
1
1
3
10
2
1
6
5
2
4
1
1
1
1
1
1
1
7
1
3
20
2
1
18
1
1
1
15
1
13
3
1
6
2
1
3
2
3
221
1
13
1
1
1
1
26
1
1
6
1
1
13
2
2
3
1
1
108
4
1
2
92
1
5
7
1
1
5
1
1
1
2
1
2
1
2
1
1
8
1
3
1
1
2
1
2
1
1
189
2
3
1
2
1
2
2
1
2
2
20
1
1
6
1
1
1
1
6
2
7
1
1
3
1
2
1
1
3
1
2
1
4
11
5
3
2
1
9
10
2
7
14
7
2
8
1
25
1
2
3
1
1
1
2
15
1
12
1
1
1
1
499
1
1
2
3
44
11
1
1
3
4
1
1
2
1
2
1
1
1
1
1
1
2
2
1
3
1
1
1
16
1
1
15
10
4
1
1
7
1
1
1
1
8
2
11
1
10
14
1
1
1
1
2
1
2
1
1
1
5
2
3
1
1
2
1
1
2
1
3
1
4
1
3
1
2
5
1
1
1
1
1
2
1
1
1
1
65
7
1
2
1
1
1
1
2
1
1
2
1
1
6
3
1
9
1
2
1
2
2
1
17
1
613
26
1
70
1
2
1
18
28
1
1
2
6
1
2
1
1
14
1
1
10
2
1
1
1
6
1
2
1
1
1
1
18
1
1
2
6
3
1
1
1
1
541
2
1
2
1
1
6
1
1
198
79
10
3
1
1
1
1
1
10
1
1
1
2
1
1
1
9
9
1131
2859
1
577
7
1
1148
1
1
5
2
2
1
1
1
2
3
4
12
2
11
34
156
4
72
4
3
1
1
2
19
1
14
2
1
3
1
1
1
7
426
1
1
27
16
1
1
2
24
97
1
2386
2
2
1
6
1
2
1
1
1
97
3
18
62
1
1
1
79
3
2013
9
1
4
5
2
6
34
1
1
1
2
1
1
1
1
1
4
1
1408
1
1
8
1
2
5
1
3
5
2
3
34
3
1
2
63
205
1
6
1
1
22
20
3
1
2
1
1
89
3
9
12
41
23
1
1
1
2
2
21
44
4
1
3
1
25
16
1
1
1
39
28
1
1
5
7
1
1
1
7
1
1
2
1
1
1
1
1
1
1
28
2
1
1
1
525
2
1
236
1
2
17
1
1
1
1
263
1
3
1
1
3
2
8
2
1
1
1
10
1
12
3
1
1
1
55
1
1
4
1
3
237
1
5
27
3820
5
3
1
6
1
1
6
131
17
1
1
1
6
11
3
1
2
2
6
2
1
1
14
1
1
1
2
38
60
1
2
1
1
1
2
1
1
12
1
1
14
2
7
1
1
5
1
1
3
1
2
1
3
1
1
4
1
2
1
1
1
1
1
2
1
1
3
19
1
27
3
1
379
69
4
78
2
50
1
1
1
1
1
2
1
1
14
1
4
1
70
4
2
11
3
6
1
1
1
2
5
1
1
15
1
2
3
107
1
37
3
1
1
1
1
3
10
1
3
5
1
334
1
1
1
1
1
1
1
1
1
3
3
1
146
1
6
1
2
1
66
2
1
4
35
2
1
1
3
1
3
1
3
1
1
2
1
1
2
1
2
1
129
10
3
2
2
1
1
745
1
2
17
14
1
2
1
2
1
1
1
1
1
1
2
2
1
1
1
64
2
2
1
2
1
1
2
2
2
2
17
27
3
81
1
1
9
1
1
1
1
1
6
21
2
1
1
4
2
1
1540
2
1
25
9
1
3
70
1
21
78
2
1
27
1
1
2
1
1
19
5
1
2
51
1
1
1
3
8
3
1
4
5
1
1
1
1
1
1
1
3
20
1
1
1
3
3
189
1
1
4
1
2
4
1
4
171
1
1
1
5
3
1
1
1
3
1
2
1
1
1
43
1
1
1
1
1
1
1
1
1
1
1
24
9
1
1
31
10
1
1
2
6
1
1
2743
1013
2
4
2
1
26
1
980
1
36
4
1
2
1
2
2
3
2
3
1
2
1
4
2
1
1
2
1
16
4
4
1
5
1
4
3
1
1
1
3
22
1
55
1
2
1
2
1666
1
32
1
1
1
7
1
2
2
1
1
1
1
7
1
1
1
1
1
1
1
1
2
13
1
3
1
3
61
1
1
1
2
3
2
2
3
34
7
4
2
1
2
1
5
1
1
4
3
1
1
1
3
1
1
22
2
2
3
3
1
1
1
1
2
1
1
274
1
1
5
4
5
3
1
1
1
2734
4
1
1
4
1
1
1
5
5
1
2
235
14
1
3
1
8
2
1
2
1
3
1
2
1
1
3
1
2
11
1
2
1
2
339
4
1
1
2
1
5
3
3
3
1
2
5
3
2
5
1
3
1
5
3
5
23
1
1
1
22
2
1
4
1
2
1
14
1
42
1
3
1
1
1
44
1
4
11
1
15
2
1
1
1
1
1
1
11
12
17
10
10
4
1
1
1
1
1
2
2
2
87
1
1
1
2
1
1
3
1
15
10
5
1
1
8
1
9
1
15
1
1
1
1
1
1
19
1
1
1
1
1
1
3
3
1
3
15
1
3
2
21
24
1
22
1
46
3
4
1
2
4
6
1
1
2
25
26
2
5
13
11
43
4
1
1
25
1
1
1
1
1
1
1
1
1
2
1
21
1
1
1
1
1
4
1
2
242
1
1
29
2
1
12
1
1
2
1
2
1
1
44
1
6
13
1
1
2
2
2
1
2
1
1
6
1
4
40
2
2
1
1
2
1
1
2
3
11
25
15
1
19
2
1
1
1
11
13
261
3
3
1
2
3
1
1
6
13
1
1
5
1
40
2
2
1
10
3
2
73
1
1
1
2
1
6
1
1
1
3
1
2
1
1
3
1
4
24
6
2
1
4
1
6
7
4
1
1
2
4
26
2
1
1
4
1
14
3
1
1
42
3
2
2
1
7
2
1
1
1
1
1
5
1
98
1
2
1
6
11
9
1
3
1
1
1
1
1
1
1
1
6
1
9
5
2
9
10
1
3
874
2
2
1
14
1
1
5
1
1
5
3
1
3
1
1
5
1
1
1
7
1
1
4
1
4
269
4
1
11
1
1
1
8
1
38
1
1
24
2
1
1
1
1
8
12
6
1
1
22
1
7
1
1
1
37
84
7
2
1
350
4
4
1
7
1
1
464
1
2
71
1
6
1
1
1
2
11
1
1
1
1
21
1
1
1
1
1
4
100
2
1
8
4
1
1
1
5
2
1
1
1
1
1
1
1
1
37
7
2
1
7
18
1
76
6
1
2
28
1
2
4
5
45
1
252
1
15
2
1
1
7
521
2
1
1
6
1
184
1
2
3
24
4
5
31
4
59
2
1
1
1
1
1096
1
3
13
1
1
1
33
7
42
1
3
2
6
2
103
2
1
23
5
22
3
2
1
1
1
1
9
12
16
76
1
1
2
1
12
1
1
2
7
254
2
3
10
2
1
4
1
39
1
2
10
1
1
13
1
1
9
1
1
15
2
1
1
3
1
58
15
2
10
2
1
2
8
1
11
1
2
1
1
21
5
1
14
1
1
12
10
8
7
9
1
6
9
7
4
1
1
3
6
216
1
4
30
1
3
132
1
3
5
1
1
1
1
6
2176
25
6
1
4
1
1
1
1
2
6
19
3
1
3
1
2
14
4
1
1
1
1
2
1
1
42
2
1
1
1
8
5
1
1
1
3
12
93
1
5
7
2
1
1
1
1
2
1
8
169
105
6
1
6
48
2
1
3
1
1
2
1
2
11
1
52
2
1
1444
8
10
1
2
2
12
1
11
1
1
29
18
1
1
10
4
2
1
1
53
1
2
22
1
3
1
3
1
2
1
80
1
19
1
13
1
1
57
3
4
3
2
1
2
2
3
1
6
3
1
1
2
1
5
1
2
1
6
1
2
38
1
1
1
1
28
2
2
1
1
1
1
3
2
1
14
3
5
6
4
1
1
1
4
2
2
1
3
1
2
2
1
1
2
1
1
8
1
1
1
4
1
12
1
1
1
1
24
4
1
2
1
3
1
8
1
1
1
1
2
3
2
3
3
1
1
5
1
1
3
15
1
1
7
2
1
5
2
16
19
61
90
1
2
2
1
10
1
1
2
1
5
2
1
21
1
1
1
1
1
1
1
3
6
5
1
1
1
2
1
2
1
1
2
2
2
301
1
4
4
3
1
1
6
1
11
1
1
1
1
4
1
1
1
2
1
1
3
1
2
1
13
7
1
2
1
8
1
6
3
1
8
11
2
8
1
1
8
2
5
1
1
1
1
4
1
1
6
1
1
1
1
2
1
28
3
4
1
2
1
1
196
1
78
3
1
3
3
2
19
1
2
2
2
1
1
1
19
1
82
8
5
2
1
23
1
1
2
1
13
1
4
1
14
404
1
3
6
3
4
1
1
1
1
1
1
2
79
22
1
2
2
23
1
1
2
56
1
409
1
5
3
1
2
1
1
4
7
237
20
1
6
1
2
1
1
12
4
1
1
1
2
5
6
2
1
1
1
4
1
28
26
2
477
3
2
223
3
6
1
6
7
1
2
1
3
1
1
1
2
1
1
1
50
1
1
1
1
32
1
4
2
8
1
62
1
1
1
1
1
1
20
1
1
1
1
35
2
2
12
4
1
1
24
1
35
2
3
8
1
4
2
21
4
2
18
1
1
3
1
2
5
2
1
6
1
1
2
1
1
5
1
1
53
1
2
1
4
16
1
2
4
1
2
1
4
1
26
1
7
1
10
31
1
14
4
6
1
1
1
1
1
11
7
2
132
1
1
1
2
3
1
1
1
1
2
6
1
1
1
3
1
1
1
1
894
3
3
1
1
1
1
1
1
237
1
31
14
14
6
2
2
68
1
2
3
1
2
1
1
74
2
36
7
3
1
1
2
1
2
1
6
1
2
2
2
10
23
1
1
1
2
1
1
1
2
1
1
3
1
2
1
1
1
3
1
4
8
28
1
3
2
1
2
2
2
1
1
1
2
12
1
5
1
3
3
7
4
124
4
9
1
1
1
1
1
1
10
1
2
1
1
1
78
170
1
426
10
7
1
2
1
1
1
1
1
2
3
1
1
20
1
1
2
1
1
4
416
2
2
19
1
1
48
1
1
1
167
1
2
1
1
1
1
1
12
37
2
1
1
1
4
12
4
1
38
3
1
90
50
19
3
3
8
2
4
1
4
1
1
65
1
1
3
2
1
1
2
1
1
3
1
1
1
3
2
3
2
1
2
3
7
1
1
1
1
1
2
1
2616
2
1
1
2
4
1
1
1
34
1
1
1
4
6
1
22
5
1
12
1
1
3
1
1
1
6
1
23
1
93
3
23
9
34
8
2
1
11
7
1
4
4
1
4
1
1
1
5
1
3
1
1
4
1
2
4
2
1
1
1
1
1
1
3
2
1
6
44
2
1
1
9
3
35
1
2
1
1
1
4
1
9
25
6
5
2
1
1
2
2
10
1
5
1
1
1
19
8
1
1
3
1
2
1
3
14
2
321
4
14
1
1
5
1
1
1
8
1
1
1
1
1
7
1
15
16
1
9
2
2
705
2
1
4
3
8
1
1
1
1
2
1
1
3
1
2
1
2
3
1
1
10
1
1
1
1
80
1
1
1
1
7
11
56
2
1
2
1
1
1
1
1
16
1
1
27
9
1
1
1
1
1
2
1
1
1
1
1
3
1
3
4
2
3
1
1
2
1
1
9
8
2
1
4
2
3
7
2
2
1
5
1
26
106
13
3
32
1
1
2
3
1
1
3
1
1
415
4
1
1
1
7
1
7
50
13
8
2
2
4
1
26
4
1
1
1
4
1
2
7
1
3
1
3
1
2
1
1
7
1
1
1
1
1
7
3
1
1
18
2
1
1
1
2
1
28
2
3
1
8
1
1
1
1
1
1
11
2
1
1
2
1
1
3
2
1
7
1
1
2
1
3
1
2
1
14
31
2
1
9
19
7
1
6
2
1
2
1
58
27
1
31
1
1
1
742
6
4
2
2
2
1
2
2
9
1
1
3
1
2
3
6
4
1
3
4
2
1
21
1
8
4
1
2
4
5
3
1
1
20
1
1
6
6
1
1
8
2
1
1
1
1
1
1
1
1
1
8
17
1
4
2
8
1
2
2
1
1
1
1
3
7
1
1
1
1
1
1
3
2
4
1
7
1
1
1
11
82
1
3
4
3
3
1
1
1
1
1
2
3
2
2
1
2
1
1
1
5
1
16
1
1
6
1
2
4
1
1
6
2
3
4
2
1
1
1
2
47
1
8
1
4
19
1
1
1
1
8
29
206
1
107
1
9
2
1
4
2
1
2
1
1
1
1
1
1
4
1
6
42
1
17
1
1
5
7
34
1
27
3
1
1
3
1
2
5
3
2
1
1
5
2
3
2
1
2
3
1
1
4
7
1
2
3
4
5
2
3
3
47
2
1
1
1
1
1
1
2
3
159
10
5
1
211
1
2
3
3
1
1
1
6
3
1
74
14
4
3
1
1
1
1
3
1
1
21
38
39
1
1
10
1
11
1
1
6
1
8
1
1
2
2
1
6
1
1
1
2
1
1
2
1
4
12
1
2
2
3
1
51
1
1
4
1
6
6
1
1
2
1
3
1
1
1
1
4
2
1
1
6
1
1
1
1
1
47
3
1
2
1
2
2
1
1
1
2
1
2
4
2
1
1
1
1
2
1
1
1
5
1
1
7
1
1
135
2
1
2
1
1
1
1
1
9
2
2
2
1
16
2
1
1
1
1
2
3
2
6
7
1
1
1
1
2
1
2
1
5
35
6
3
17
1
7
1
8
15
3
1
4
2
2
1
1
1
4
1
1
1
1
1
4
3
1
1
3
4
1
1
5
11
52
3
1
1
1
1
1
3
1
1
11
1
1
1
1
24
1
1
2
1
1
10
1
8
1
1
1
3
5
1
19
1
3
13
7
1
71
20
1
3
2
2
1
1
1
1
6
1
1
1
1
1
1
1
1
2
2
2
11
1
1
1
4
1
7
3
1
39
4
1
1
1
2
2
10
9
207
2
1
2
6
19
4
1
20
1
2
3
2
10
18
1
27
22
3
1
1
87
2
2
1
1
2
1
1
61
9
1
1
1
1
1
1
5
4
2
1
2
4
4
2
1
1
1
11
1
1
2
17
1
1
2
1
1
4
2
1
112
2
16
6
2
1
2
6
2
1
2
10
9
1
2
2
1
3
1
6
1
2
5
71
3
1
1
1
1
3
2
4
305
2
1
1
63
1
1
1
1
1
6
97
98
3
9
42
2
1
14
1
1
1
8
1
1
1
4
1
141
10
6
2
1
1
1
1
1
2
1
1
4
1
19
45
3
1
126
1
1
1
1
1
6
1
1
1
3
114
4
12
22
2
49
2
7
1
2
1
1
1
87
14
5
12
34
1
7
38
8
1
2
1
2
2
2
1
4
1
1
1
1
4
1
26
1
31
1
15
19
8
7
3
1
2
1
979
2
1
1
3
2
2
1
2
1
1
224
1
2
64
1
6
1
2
1
28
4
2
29
71
2
10
5
12
124
3
1
2
2
1
1
8
302
3
1
1
1
1
4
12
8
2
2
5
4
1
2
11
18
20
1
1
2
6
1
2
1
3
1
1
2
2
1
1
1
2
3
2
1
2
2
1
1
16
3
3
4
14
2
1
2
2
1
5
1
1
1
21
1
1
26
1
20
1
7
1
1
1
2
6
3
1
2
3
1
1
1
2
19
703
1
211
4467
8
1
2
15
1
40
1
2
1
1
1
1
1
2
1
1
1
5
1
1
2
1
1
1
3
1
3
137
1
9
1
1
1
6
3
2
2
1
2
2
128
14
3
1
20
1
1
1
6
7
1
9
1
1
1
10
2
1
9
4
1
1
876
24
3
35
16
1
1
2
1
8
2
8
23
72
40
1
1
1
1
5
41
64
1
38
3
1
9
1
3
4
1
1
3
1
1
1
62
1
2
2
1
1
23
1
1
1
3
1
1
15
2
15
1
8
1
1
4
6
2
1
1
3
14
1
8
9
1
3
85
12
3
1
9
1
1
66
1
2
2
1
11
1
1
2430
1
1
9
1
1
24
4
1
1
13
1
29
1
1
1
1
10
1
1
1
1
4
61
7
1
7
4
3
2
1
2
1
2
4
1
1
199
1
1
1
1
1
13
7
1
10
1
1
36
1
8
2
251
2
4
1
3
1
435
1
5
19
275
1
1
5
2
4
1
2
1
9
10
843
2
4
1
2
1
41
7
6
5
1
4
11
34
1
3
1
1
1
1
5
1
1
1
4
2
1
1
217
1
2
1
2
2
1
2
4
3
27
2
8
1
25
1
5
6
3
1
1
2
4
1
2
1
1
12
1
1
1
9
16
2
1
1
1
1
4
1
1
7
1
4
1
4
6
5
2
1
6
17
3
4
1
1
68
1
2
2
17
7
1
33
10
3
2
1
1
1
1
1
1
1
1
15
5
1
2
22
128
1
16
1
1
1
1
3
5
1
1
5
3
1
1
58
1
13
3
499
1
1
1
1
2
2
1
1
1
1
7
8
5
1
1
1
1
14
1
21
1
6
3
53
1
1
15
8
2
1
20
3
1
5
1
36
8969
1
7
1
2
1
2
1
3
1
2
1
2
51
1
1
6
2
15
1
10
1
1
1
31
2
1
1
9
5
2
4
1
4
7
1
1
2
7
1
2
4
1
3
5
14
6
1
15
1
3
1
1
3
1
1
1
1
3
1
1
3
1
1
1
1
2
1
2
34
1
1
1
1
1
18
3
9
9
6
4
7
3
1
2
8
3
2
3
1
1
13
2
9
1
1
1
1
29
1
5
1
1
1
1
1
2
23
5
1
2
11
16
1
2
2
335
1
1
3
1
25
11
1
2
1
1
1
3
4
5
1
211
1
1
1
1
1
1
6
1
4
3
1
2
1
3
2
8
1
4
1
6
1
1
1
126
4
53
1
1
1
1
3
1
1
3
41
7
1
1
6
2
1
2
14
8
1
1
1
2
10
1
1
1
2
3
2
8
2
3
1
3
1
1
1
1
20
2
4
2
13
1
23
1
4
4
1
7
2
1
5
1
1
1
1
2
7
2
1
36
1
2
1
1
7
1
1
6
5
1
1
7
2
21
1
1
1
1
3
1
1
1
4
7
27
17
1
1
1
1
1
1
2
21
4
20
3
1
3
2
1
1
3
4
1
1
1
3
31
4
34
2
1
3
1
1
1
1
5
3
2
4
4
62
7
1
452
2
9
13
1
4
1
4
1
1
1
3
1
13
35
2
4
2
5
1
1
2
4
3
1
4
14
1
1
2
1
1
16
2
1
1
3
1
1
30
86
1
21
15
15
5
8
1
1
7
7
1
3
1
1
1
1
2
8
42
3
1
1
3
1
2
65
2
1
1
1
1
6
1
6
2
9
1
1
2
1
1
39
3
1
1
1
1
1
12
1
2
2
1
1
2
2
1
1
1
3
4
1
1
2
1
6
17
1
3
1
3
13
1
1
10
1
3
2
1
3
1
55
9
1
1
879
6
3
3
1
2
3
24
3
1
1
2
1
17
1
1
1
18
7
4
1
4
1
1
1
5
21
1
7
5
8
175
5
1
1
24
2
54
3
3
1
4
1
5
1
1
1
9
2
2
139
1
1
8
5
1
1
1
251
1
1
5
2
1
13
2
1
5
13
1
141
1
1
1
1
1
1
1
1
2
2
1
4
1686
1
3
16
6
1
5
1
1
3
1
17
2
1
1
1
47
90
1
2
120
1
50
1
1
74
8
191
2
4
4
7
156
4582
2
1
3
2
1
2
1
3
1
5
1
1
10
3
1
70
1
34
12
1
13
2
1
4
1
1
1
3
2
1
1
3
1
1
36
1
1
505
49
1
1
236
6
1
1
3
1
1
1
1
1
1
3
2
3
2
3
1
1
1
1
4
1
16
6
2
20
1
3
2
3
1
13
1
3
8
20
4
1
1
10
1
1
2
1
2
13
2
9
25
64032
1
1
1
2
3
1
1
12
2
2
11
2
6
1
3
1
1
1
1
1
1
1
3
1
1
1
1
64
1
1
1
3
1
1
1
3
33
72
1
2
1
13
1
1
6
2
2
1
1
26
3
4
1
7
1
1
1
4
1
40
1
1
2
4
6
2
1
1
3
1
1
2
7
1
1
3
1
2
2
2
56
3
1
2
1
1
5
6
66
1
2
2
1
1
1
5
1
1
6
18
449
1
1
5
2
52
3
1
1
4
3
7
6
72
1
2
1
1
1
32
10
5
1
1
2
2
6
1
15
6
1
9
2753
3
2
1
5
1
1
2
3
61
6
4
1
1
1
2
1
1
1
1
1
1
3
1
2
2
56
1
1
1
1
31
1
2
2
2
1
1
1
1
5
4
63
1
1
1
1
11
1
1
2
1
3
1
1
39
2
3
2
56
15
1
3
1
1
1
1
2
1
1
5
12
27
1
1
1
203
3
7
2
3
1
10
1
4
43
1
1
7
2
1
1
1
1
6
1
34
4
2
1
4
1
1
56
1
2
4
1
1
1
9
1
1
2
2
1
47
1
2
3
6
2
1
434
5
1
1
225
2
1
1
129
2
239
7
2
2
1
3
1
312
5
3
95
6
1
1
1
1
1
1
1
84
1
1
7
26
3
1
1
8
1
5
2
1
1
1
6
1
1
1
1
1
1
1
1
3
2
1
2
8
4
2
2
7
3
1
2
11
5
4
1
1
18
1
1
4
1
1
5
672
6
2
1
1
3
26
4
1
1
1
24
467
1
1
1
3
1
1
3
1
1
2
4
1
1
3
3
12
1
1
1
42
1
1
38
2
4
8
1
1
1
5
1
1
2
1
2
1
1
1
107
1
1
4
1
1
1
1
1
3
1
10
1
3
1
1
50
1
3
2
1
87
1
62
1
5
2
16
1
1
7
3
12
1
1
5
1
6
1
16
6
1
3
473
1
1
2
10
1
1
3
2
65
1
1
1
4
1
1
1
3
94
33
15
5
1
1
3
11
2
7
1
1
1
2
267
19
1
11
8
1
7
1
1
8
35
2
14
2
2
2
2
2
1
7
1
1
1
1
1
1
1
1
9
6
4
1
17
1
1
62
2
1
3
4
2
1
1
1
50
1
46
1
4
1
2
2
1
1
1
1
30
1
17
1
1
2
1
12
1
1
395
2
1
26
7
1
5
1
1
10
2
4
2
1
3
1
1
2
74
1
1
7
3
1
7
3
1
17
2
1
2
1
14
1
1
1
8
1
1
2
5
4
1
1
1
1
2
7
1
1
7
2
1
2
1
9
43
3
5
38
3
158
1
1
9
8
2
1
1
15
4
5
3
3
53
6
2
1
2
1
2
1
2
1
2
1
1
1
1
2
1
21
14
39
1
1
1
2
1
2
3
6
1
1
22
1
5
3
1
2
1
15
2
1
2
2
6
75
1
1
1
2
34
1
1
1
19
1
42
13
2
2
2
1
2
1
1
1
26
1
1
1
1
18
3
1
5
3
1
2
1
1
1
1
1
37
1
93
256
1
25
1
1
29
7
9
3
2
5
6
1
1
2
1
11
1
4
12
9
1
1
3
1
6
20
1
1
1
46
4
1
2
2
1
1
1
1
7
1
13
1
1
2
1
1
2
5
1
5
1
1
16
2
5
4
9
1
1
5
2
11
1
22
8
1
2
1
1
14
1
1
1
5
3
3
27
1
1
1
2
40
3
85
3
1
1
3
2
2
1
1
1
33
1
8
1
90
294
1
1
4
1
1
2
7
11
2
1
1
1
1
2
3
370
2
2
8
92
1
1
1
1
1
55
3
1
1
1
1
4
13
5
10
1
1
2
1
1
1
44
1
1
1
1
1
1
3
1
1
7
60
16
5
1
49
1
1
1
2
1
2
1
1
1
1
3
2
2
6
1
5
1
1
2
1
2
1
3
2
1
1
1
1
1
1
7
2
1
2
1
1
14
1
1
1
5
1
12
7
1
5
2
1
1
1
1
3
6
1
14
1
1
2
1
1
1
1
1
5
3
19
131
53
11
2
1
1
1
1
1
1
1
22
1
1
1
4
1
3
17
11
1
1
1
1
72
1
20
7
1
55
1
3
36
136
1
1
2
1
2
1
1
24
9
2
4
4
18
23
11
58
3
3
4
1
1
1
2
2
4
1
1
1
1
5
11
8
49
1
2
2
2
1
37
1
1
11
7
2
8
3
1
1
76
1
84
1
182
5
1
6
13
1
1
1
1
2
422
1
33
1
1
6
1
21
4
1
1
1
3
1
2
1
1
3
1
1
1
2
1
2
739
1
1
1
1
1
12
1
20
1
15
1
38
1
207
1
11
3
2
1
7
133
1
6
2
8
4
149
3
8
1
2
1
1
1
28
1
4
1
2
1
5
1
1
3
3
1
3
1
25
2
1
1
1
2
2
1
9
9
15
24
2
1
8
1
11
1
2
2
17
15
1
1
1
2
1
1
8
3
1
2
1
1
1
2
1
1
2
1
53
1
20
1
6
5
2
6
1
3
4
1
1
2
1
1
1
1
3
7
1
2
2
5
23
10
1
1
1
11
1
4
1
3
1
2
11
179
2
1
1
18
5
1
2
5
4
173
1
1
2
1
1
2
1
14
4
3
1
1
1
1
114
4
1
1
78
1
1
2
1
5
3
1
1
9
2
2
3
4
1
18
1
1
2
57
1
1
1
1
42
2
1
1
1
127
1
2
4
1
13
1
3
3
2
2
1
2
1
107
1
1
2
3
1
4
328
39
12
1
1
1
2
1
1
2
2
8
2
1
16
1
1
1
12
7
1
141
2
1
1
4
1
1
27
1
1
1
8
7
1
18
5
57
2
2
1
26
2
2
1
125
1
12
8
1
1
1
1
1
3
68
7
9
1
16
17
5
1
24
1
2
7
1
2
38
12
2
1
2
1
1
1
2
1
2
1
1
2
1
3
1
26
1
11
6
1
1
2
10
1
1
1
1
3
2
63
63
1
1
14
1
1
1
1
1
6
1
12
504
3
1
1
37
1
14
1
2
2
9
1
1
21
2
4
4
7
1
2
3
1
1
2
1
1
63
2
403
1
1
1
1
3
4
63
3
1
1
10
7
1
2
1
1
14
2
226
14
325
38
2
105
7
1
1
1
2
1
1
1
5
5
5
3
1
1
1
1
1
1
14
5
2
1
6
1
1
1
1
3
2
2
1
1
4
2
5
68
1
7
1
2
1
2
1
5
1
1
2
2
1
1
3
1
1
4
2
1
143
6
1
2
1
1
8
41
3
1
51
1
1
4
7
1
1
11
1
8
2
1
4
110
1
1
5
4
1
2
1
1
2
47
1
22
1
2
1
1
7
3
1
1
1
22
1
4
1
3
9
2
1
1
2
1
3
1
7
1
12
4
1
81
1
27
2
68
1
4
1
1
7
1
1
1
1
1
3
1
2
8
1
1
1
1
16
4
14
3
19
16
18
1
1
1
1
1
1
1
2
1
62
18
1
1
3
1
1
11
1
43
1
2
7
2
1
1
5
1
1
1
1
6
4
1
1
4
2
1
1
1
2
6
3
2
12
6
1
7
1
1
2
15
3
1
17
1
1
1
1
1
1
1
8
1
1
1
1
3
3
46
2
1
1
35
1
11
1
1
3
1
1
2
1
1
1
3
2
1
3
2
1
1
2
1
1
2
9
1
1
3
4
1
1
1
1
1
1
7
1
4
1
1
1
1
6
1
2
212
1
1
1
2
1
1
2
9
10
23
1
1
2
1
1
14
2
11
1
2
1
1
11
43
10
1
1
2
1
1
1
12
135
2
3
12
1
7
1
1
1
2
9
2
3
1
3
7
2
19
1
1
3
1
1
3
1
1
1
1
15
1
1
1
1
1
1
2
5
3
9
1
73
6
1
11
1
8
1
2
1
4
2
1
11
1
7
364
1
5
1
1
1
2
1
3
1
1
2
6
2
2
3
2
19
1
3
3
1
3
21
3
1
1
1
2
1
11
1
9
1
6
1
1
5
4
1
1
4
1
1
1
7
1
3
1
1
2
1
1
1
1
1
1
2
1
1
5
5
1
4
2
5
3
25
1
1
1
5
11
3
19
1
2
4
1
1
53
1
1
3
1
1
1
5
1
1
3
2
1
15
2
1
2
23
2
10
2
1
40
4
51
1
4
1
31
1
1
6
1
1
2
1
1
9
7
3
1
1
1
1
16
1
21
2
1
3
1
1
2
1
1
1
1
1
2
5
2
1
4
14
2
1
1
1
1
6
9
3
1
1
41
16
2
2
1
1
3
51
89
17
1
1
1
5
1
39
2
1
2
1
1
1
1
2
1
1
20
1
1
1
1
24
1
11
1
1
19
1
1
1
1
1
1
1
1
2
1
38
1
25
3
1
3
12
8
1
7
4
2
5
1
2
2
1
1
6
21
1
2
2
1
1
1
1
5
4
22
2
1
3
1
1
1
1
1
7
52
1
1
1
1
54
1
2
36
1
1
1
1
2
8
10
1
15
1
1
1
1
19
2
1
1
3
1
1
1
34
10
2
1
138
1
20
1
1
1
1
5
1
1
1
1
1
2
1
3
1
342
7
1
3
1
3
1
1
2
23
2
1
61
1
1
4
1
3
749
9
1
815
23
1
2
9
112
2
1
1
19
1
3
1
4
1
37
1
27
2
1
1
1
1
1
7
1
1
3
1
1
1
4
6
2
3
30
2
1
1
1
1
1
5
5
3
2
72
12
1
400
1
1
1
187
2
1
1
59
1
1
1
1
1
1
1
1
3
644
1
2
1
1
7
31
3
2
3
1
4
1
235
1
5
3
401
3
3
12
2
1
1
46
2
7
1
3
6
1
3
15
4
1
2
1
4
4
132
1
1
2
227
34
10
1
2
1
1
1
1
1
1
156
1
1
1
40
1
5
1
10
6
1
5
1
1
1
3
1
29
12
5
1
4
1
1
13
1
1
195
11
1
2
55
1
2
1
1
6
58
6
3
1
2
1
3
1
3
1
5
4
1
1
2
2
1
3
2
1
1
6
1
1
1
1
873
1
1
1
1
1
4
1
22
2
1
1
2
3
1
1
1
1
1
2
1
2
6
1
1
2
1
230
2
1
14
4
1
1
4
6
13
17
1
1
1
1
1
8
4
1
1
1
1
25
1
1
16
2
13
57
1
1
2
1
1
204
1
1
1
19
2
1
1
4
5
1
1
1
3
2
1
1
2
2
1
1
6
1
1
3
3
6
2
4
3
1
1
1
2
2
5
1
1
2
1
3
1
1
1
1
18
1
1
3
1
1
1
1
5
92
1
1
1
1
3
2
1
1
2
1
1
1
1
3
1
1
1
8
1
38
2
1
1
1
1
2
6
4
1
2
1
1
3
1
1
1
1
10
1
1
3
7
1
6
2
1
2
18
7
1
8
5
1
1
1
2
2
2
2
6
2
1
1
3
1
1
1
9
2
1
1
1
30
1
1
2
38
1
2
60
1
1
1
1
1
5
1
1
6
171
3
1
2
6
1
3
30
1
1
6
6
22
5
1
1
1
1
1
1
1
1
1
1
1
3
1
1
1
2
1
2
1
5
1
1
2
95
116
3
25
2
1
2
1
2
1
2
2
6
1
5
1
1
12
1
91
1
12
1
1
6
7
2
1
1
1
22
1
1
9
2
1
2
1
2
4
187
2
1
1
2
1
1
1
1
5
27
4
2
6
50
13
1
1
1
1
1
1
1
1
2
4
4
1
15
1
2
1
1
1
1
98
1
2
1
3
1
1
19
1
27
2
1
23
3
2
3
1
1
13
1
1
1
10
2
2
65
1
1
1
504
1
13
56
7
1
1
1
2
1
2
26
2
1
2
1
1
1
1
2
1
4
1
3
1
1
9
1
1
9
1
1
1
1
2
2
2
6
267
18
279
18
250
1
5
1
1
2
2
1
10
1
4
6
33
2
3
1
1
3
15
24
1
1
236
1
1
1
1
11
1
1
13
2
9
42
62
2
49
1
1
5
1
2
1
1
1
3
2
3
2
2
1
34
1
1
1
2
1
3
1
1
1
8
1
22
1
1
1
1
1
1
1
2
4
1
24
5
1
17
13
1
10
5
1
1
1
1
2
12
7
2
1
215
1
2
1
3
1
1
2
6
2
1
649
2
19
19
2
3
25
1
2
1
2
1
1
2
1
1
1
6
1
1
1
2
1
1
5
1
4
2
5
3
1
2
1
1
1
1
456
1
1
3
206
3
1
1
2
1
1
1
3
3
1
2
1
4
2
1
1
14
2
1
1
1
1
7
1
7
1
4
1
7
3
1
1
2
9
48
2
6
8
1
1
3
1
1
1
33
1
1
1
1
1
2
21
2
1
1
1
6
2
2
1
2
1
1
2
1
1
8
1
3
10
1
8
4
19
5
6
1
6
2
2
1
1
1
11
6
2
2
1
3
3
1
2
1
1
2
1
13
1
2
2
1
1
1
5
1
1
5
6
1
134
1
4
1
1
23
4
1
2
4
4
1
8
2
2
10
5
8
98
1
1
1
1
11
1
1
1
3
1
1
1
3
1
2
2
1
1
4
2
16
4
4
13
2
1
36
1
17
1
1
1
132
2
3
14
6
4
1
1
3
14
1
3
2
1
5
1
2
5
1
1
1
10
6
1
2
1
3
3
9
39
1
1
1
2
2
1
1
1
3
1
1
2
1
1
1
1
1
3
28
9
1
2
2
7
1
1
1
4
1
5
1
1
5
3
1
2
1
6
9
1
1
1
1
1
1
1
2
39
27
1
1
4
1
1
4
19
3
1
1
4
1
1
1
70
1
1
1
2
1
1
2
1
1
19
1
2
21
12
15
1
2
9
1
1
29
6
1
1
1
3
1
2
1
1
1
1
1
7
1
21
5
1
1
1
1
1
1
1
1
1
1
1
1
1
2
2
1
1
1
1
26
4
2
2
1064
1
29
1
1
1
2
1
1
1
1
1
5
1
1
15
1
1
25
9
4
7
12
7
4
1
2
1
9
5
1
1
11
1
1
1
1
2
5
1
1
178
21
1
3
1
2
3
1
1
4
1
2
4
2
3
2
1
1
18
1
2
2
3
153
1
1
20
1
1
1
