1
1
13
1
1
1
4
1
3
9
1
1
4
4
1
1
1
1
1
1
29
1
2
1
1
2
6
3
9
2
1
9
3
9
1
7
1
1
1
1
6
2
1
8
1
6
30
1
2
2
1
1
6
1
2
1
2
9
1
7
1
3
40
1
1
4
616
9
1
1
4
1
3
5
1
1
2
546
5
3
4
8
2
3
3
8
10
2
1
1
1
1
7
1
14
1
2
1
24
1
1
2
4
34
4
5
1
2
1
1
2
1
1
1
1
8
1
3
1
13
2
2
1
1
10
3
50
1
1
6
7
5
1
1
2
3
1
5
2
1
27
1
1
13
1
1
1
2
1
19
3
14
2
1
7
1
1
1
1
1
2
1
1
1
1
1
12
5
1
3
49
1
16
2
2
2
2
2
3
3
1
1
1
1
1
1
1
1
9
1
1
4
1
1
1
9
1
2
1
1
1
2
1
10
2
2
4
2
1
4
12
1
3
1
2
12
1
386
1
26
1
16
74
3
3
1
4
1
8
1
24
1
1
2
5
5
4
1
1
2
1
3
1
1
2
2
1
1
1
8
1
1
1
4
4
1
12
13
2
1
6
2
1
2
2
18
2
1
3
3
5
1
1
7
2
1
4
51
5
1
1
2
1
3
2
1
1
4
1
1
1
1
3
6
1
25
10
9
1
3
1
2
1
1
1
1
12
1
67
1
2
2
10
11
1
1
1
1
3
1
1
45
31
3
1
1
3
2
1
1
2
5
1
58
2
2
1
3
8
3
1
1
1
7
2
2
2
2
2
1
1
2
1
1
1
15
1
18
1
4
1
1
20
2
1
6
4
2
2
12
1
6
2
1
1
2
2
5
1
2
2
3
1
1
1
3
1
1
2
1
1
1
1
2
16
7
2
1
5
1
1
2
1
4
44
18
2
3
4
1
1
1
1
2
1
10
1
2
6
1
5
1
2
1
1
1
1
4
5
1
5
1
1
7
43
5
1
1
1
3
2
1
11
13
5
2
1
6
9
17
2
2
1
1
3
1
1
1
7
1
2
1
1
25
3
1
2
5
3
1
1
15
1
1
1
3
1
135
2
3
12
1
1
6
1
1
1
1
1
7
5
2
2
2
1
1
10
1
1
5
2
2
83
2
83
1
1
296
12
1
3
4
1
10
7
17
60
7
3
1
1
50
7
14
2
1
1
13
50
9
4
1
4
2
1
4
2
1
2
1
1
21
1
3
10
9
1
18
1
8
1
4
1
2
1
1
2
2
1
6
1
12
1
1
4
6
1
1
3
2
1
1
9
1
1
3
3
3
1
1
1
4
1
13
2
2
1
45
5
1
2
19
3
6
1
1
3
1
1
1
2
2
1
2
4
2
2
1
3
1
1
4
7
9
4
1
1
1
14
3
4
22
6
6
3
3
10
6
4
2
2
2
6
1
1
1
1
11
1
1
1
1
7
1
40
1
3
1
1
1
1
1
2
1
1
1
1
1
4
1
2
1
8
1
1
1
1
5
1
3
1
2
39
1
1
1
540
58
1
1
18
2
4
17
1
34
3
5
1
5
1
3
3
1
1
1
6
1
10
1
1
1
38
1
1
3
1
5
3
86
1
2
1
1
2
1
1
1
2
2
2
2
1
2
3
4
3
1
1
7
6
7
1
32
1
2
2
1
1
2
1
2
1
1
3
3
1
3
3
23
16
6
2
4
61
13
1
1
4
1
1
1
8
9
2
1
53
1
45
1
2
3
3
1
39
15
14
1
1
9
1
1
1
1
5
49
2
15
7
3
14
1
1
4
1
1
1
1
1
3
1
2
2
1
1
2
4
2
8
2
1
1
3
14
13
1
1
1
1
1
67
5
1
73
1
2
2
39
2
2
2
152
7
6
1
2
4
18
1
4
1
2
10
2
1
1
7
50
4
2
3
2
3
3
12
3
7
2
1
1
1
2
1
1
1
1
6
1
1
4
10
1
1
88
94
1
55
1
3
1
1
1
8
2
2
29
6
1
1
4
1
1
2
1
1
8
1
1
32
1
30
3
1
4
2
1
1
1
1
5
1
1
2
1
1
7
2
1
1
2
1
1
3
1
1
3
2
4
1
1
1
1
1
2
1
3
4
1
1
4
7
1
4
5
1
1
1
2
1
1
13
1
2
1
1
1
1
39
6
4
1
1
1
3
3
1
1
1
14
2
1
1
134
1
2
4
3
2
56
36
1
7
11
3
1
1
357
3
1
1
1
1
2
11
1
1
2
6
1
1
1
6
1
7
5
4
11
4
2
1
3
25
23
4
1
1
1
5
3
3
1
1
32
2
1
1
5
8
2
1
3
3
1
1
12
3
1
1
1
1
2
2
8
1
6
11
1
5
2
4
1
2
1
2
1
5
12
1
3
3
8
9
2
4
2
4
1
15
1
1
1
30
1
1
1
1
1
1
2
1
3
1
1
1
1
1
3
3
1
3
5
7
1
2
1
1
1
3
1
3
7
1
1
8
1
1
3
2
4
3
1
1
5
3
14
1
1
43
2
1
1
1
1
4
4
1
3
1
1
1
2
1
1
2
30
1
1
3
3
3
1
13
280
1
2
24
1
1
1
1
1
1
1
1
93
1
1
1
63
1
2
1
4
2
1
3
1
1
1
1
4
3
8
1
2
3
1
1
2
1
19
1
1
1
1
1
2
1
2
1
1
12
1
1
1
7
117
1
1
153
1
1
4
2
3
1
83
3
1
1
3
39
1
3
5
5
2
2
7
2
11
2
7
10
4
1
2
3
1
18
1
1
2
1
1
3
1
1
1
3
19
7
1
2
2
1
4
1
4
1
3
1
8
2
1
14
1
4
1
1
5
1
4
1
5
2
2
2
8
1
3
1
2
1
2
2
1
7
2
27
1
4
55
1
2
1
19
1
1
21
2
1
1
8
6
1
86
19
16
1
3
1
28
4
5
2
1
3
8
1
1
1
1
3
5
3
1
1
1
2
8
3
1
3
2
1
19
10
1
1
10
1
3
1
21
1
1
1
2
6
1
2
44
3
1
1
1
102
2
1
8
1
1
2
1
1
21
3
1
1
1
1
1
1
5
2
10
2
3
1
21
1
181
3
1
1
5
1
1
1
1
3
1
1
4
1
1
11
1
2
8
2
4
1
1
1
10
17
1
70
3
1
1
4
1
1
1
3
10
14
1
11
1
3
1
1
1
1
2
1
8
2
16
7
2
1
2
3
1
83
1
8
2
1
12
3
68
1
1
2
1
16
4
2
1
31
3
1
5
1
5
1
1
4
8
2
5
1
1
21
1
2
1
1
1
1
2
6
1
1
1
3
1
9
1
1
1
1
4
3
1
2
178
1
1
1
1
1
2
1
4
1
29
4
33
3
10
1
12
1
6
1
1
1
1
2
1
1
1
11
3
1
1
1
1
4
10
3
5
1
2
2
1
12
3
2
2
1
2
10
1
4
2
3
1
1
1
2
1
1
48
38
22
75
1
1
10
3
2
1
1
2
6
1
9
4
2
1
1
12
2
1
248
1
2
1
14
2
8
1
10
1
2
1
1
8
1
1
2
1
106
1
14
3
1
9
1
1
6
4
20
5
1
2
1
1
2
4
1
4
2
1
1
7
13
5
4
4
4
6
13
1
11
2
2
1
1
2
4
1
1
1
1
5
1
1
2
1
1
1
2
2
2
1
5
4
1
3
1
3
2
3
1
1
1
2
4
42
4
1
1
1
8
1
96
1
2
1
1
2
1
2
1
1
1
5
8
1
1
1
5
5
2
1
2
1
1
2
1
1
1
1
13
4
1
1
4
47
1
2
2
6
7
3
2
7
2
1
2
1
2
1
23
2
2
3
61
8
3
3
1
11
1
2
1
4
1
1
1
4
5
2
2
1
2
8
1
6
1
1
7
1
1
1
29
1
1
1
1
2
6
2
4
2
1
2
12
1
8
2
1
9
1
2
1
10
2
1
2
2
2
9
2
2
1
3
3
15
1
5
1
2
2
1
18
2
2
2
1
12
14
1
1
2
1
1
3
1
39
46
15
1
3
7
10
17
15
10
1
3
1
7
1
1
6
102
1
8
3
1
6
1
1
2
2
2
27
1
1
1
1
1
2
3
1
1
2
2
2
2
13
9
12
1
1
1
1
1
1
4
7
1
1
1
2
3
6
41
1
3
3
3
35
63
10
1
2
1
1
1
29
4
1
1
1
1
2
1
411
1
3
3
3
1
1
1
20
1
4
2
2
1
4
2
1
18
1
13
1
1
1
1
8
1
1
1
1
1
1
1
1
1
4
5
2
1
1
2
1
3
2
1
1
1
13
1
31
1
14
1
1
1
7
1
1
2
1
2
5
2
1
1
9
22
52
5
1
17
1
1
1
4
1
1
1
4
1
3
1
170
1
2
1
4
2
1
1
7
13
38
9
1
1
2
2
11
1
3
1
3
7
3
4
3
1
2
1
1
1
2
1
1
2
2
1
6
1
1
1
2
1
1
1
1
2
1
3
1
1
1
11
2
2
1
1
1
1
1
1
1
13
27
2
3
12
2
53
3
5
1
1
2
2
52
50
2
1
1
462
3
3
1
1
1
1
9
5
2
1
2
7
1
3
1
1
13
1
7
2
4
1
1
1
1
1
1
3
1
1
122
3
6
1
2
1
6
9
1
2
15
18
2
1
6
47
15
1
1
1
1
2
1
3
1
3
15
9
4
6
1
1
14
142
5
2
5
28
7
2
2
4
1
13
4
1
1
1
1
2
2
1
1
1
13
4
2
5
1
1
135
1
3
1
3
1
2
1
25
1
3
2
1
9
1
57
29
32
1
1
12
111
1
38
4
1
1
1
1
1
4
2
140
1
1
2
4
5
7
1
1
872
1
3
1
1
1
2
1
5
5
2
1
9
8
14
1
1
3
2
1
1
1
1
2
1
8
2
1
3
1
12
1
6
4
2
1
173
8
1
1
11
211
1
263
12
1
13
1
1
3
2
75
53
1
1
2
4
2
5
8
2
1
76
30
1
6
1
1
514
1
1
9
1
1
1
193
1
3
2
45
2
4
1
2
1
77
12
4
2
1
1
3
1
1
1
1
1
11
2
1
3
10
1
1
2
1
1
1
8
16
1
4
8
5
1
1
4
1
3
2
2
3
1
68
3
2
1
4
1
1
1
58
1
1
1
1
4
1
1
1
2
4
3
2
4
2
6
33
5
1
19
1
1
2
5
2
3
1
47
1
4
79
1
3
1
1
8
1
2
1
2
1
1
2
1
1
1
1
4
2
6
1
3
6
2
1
1
3
1
1
1
2
1
6
1
1
2
1
1
1
1
96
1
27
5
1
3
1
4
2
1
1
10
115
535
2
4
4
2
1
3
367
87
2
7
1
1
40
1
4
3
8
3
1
1
2
2
1
1
3
1
15
2
2
8
1
2
1
5
1
1
1
2
1
1
6
4
2
25
68
1
8
1
4
1
1
1
1
3
1
1
3
6
1
7
1
9
34
1
2
7
1
1
2
12
5
5
1
9
1
3
4
1
1
8
10
1
1
1
8
6
2
2
3
2
1
44
5
31
1
1
1
8
2
4
2
14
1
1
1
100
1
1
1
1
1
1
1
1
1
1
2
2
2
1
5
1
1
10
6
726
3
9
1
22
1
2
41
2
3
1
1
4
3
1
2
1
1
1
2
1
1
1
5
5
2
3
2
20
4
1
143
3
2
4
5
1
2
5
4
1
1
1
4
1
1
5
1
4
1
7
57
1
20
4
3
5
2
1
1
8
1
1
25
8
1
3
8
1
1
1
1
1
2
3
5
1
2
6
1
6
2
3
1
2
1
1
3
5
1
11
2
3
26
7
92
1
1
15
1
2
2
1
1
1
1
1
77
1
1
26
5
1
23
3
1
3
1
7
7
1
11
3
1
28
1
5
1
1
1
61
1
7
3
1
1
1
1
1
4
56
1
10
2
1
2
1
13
1
11
3
1
27
2
2
4
1
1
6
2
1
10
1
127
1
3
5
3
19
2
11
1
1
2
1
3
1
7
5
4
3
5
1
1
1
1
6
1
3
3
17
1
3
40
1
86
2
5
10
1
1
1
4
1
4
3
1
1
1
1
1
1
4
1
1
2
6
3
1
2
11
1
1
1623
1
2
1
2
5
5
1
2
3
1
